1.0 -0.9999868577350718 -0.9999868577350718 0.99999231405303 0.9999975066117173 -0.9999868577350718 0.9999759409977247
-0.9999868577350718 1.0 1.0 -0.999999176665787 -0.9999750276117201 1.0 -0.9999983546560973
-0.9999868577350718 1.0 1.0 -0.999999176665787 -0.9999750276117201 1.0 -0.9999983546560973
0.99999231405303 -0.999999176665787 -0.999999176665787 1.0 0.9999832090166252 -0.999999176665787 0.9999952617178361
0.9999975066117173 -0.9999750276117201 -0.9999750276117201 0.9999832090166252 1.0 -0.9999750276117201 0.9999606332804939
-0.9999868577350718 1.0 1.0 -0.999999176665787 -0.9999750276117201 1.0 -0.9999983546560973
0.9999759409977247 -0.9999983546560973 -0.9999983546560973 0.9999952617178361 0.9999606332804939 -0.9999983546560973 1.0