1.0 -0.9999999999999999 -0.9999999999999999 0.9999998903346364 0.9999987578062445 -0.9999999999999999 0.9999999847075228
-0.9999999999999999 1.0 1.0 -0.9999998903346365 -0.9999987578062445 1.0 -0.9999999847075228
-0.9999999999999999 1.0 1.0 -0.9999998903346365 -0.9999987578062445 1.0 -0.9999999847075228
0.9999998903346364 -0.9999998903346365 -0.9999998903346365 1.0 0.9999993863158955 -0.9999998903346365 0.9999997931384377
0.9999987578062445 -0.9999987578062445 -0.9999987578062445 0.9999993863158955 1.0 -0.9999987578062445 0.9999984668603246
-0.9999999999999999 1.0 1.0 -0.9999998903346365 -0.9999987578062445 1.0 -0.9999999847075228
0.9999999847075228 -0.9999999847075228 -0.9999999847075228 0.9999997931384377 0.9999984668603246 -0.9999999847075228 1.0