1.0 -0.3325748925032582 -0.36088451600564936 0.3369628046108379 0.9996554610495383 -0.24791052889608894 -0.2183986629835436
-0.3325748925032582 1.0 0.9988771501268127 -0.9931103870469391 -0.3173888930052879 0.9869760949674902 -0.8364191138328744
-0.36088451600564936 0.9988771501268127 1.0 -0.9900757887035447 -0.34591871261756013 0.9797935526995555 -0.8157408110743894
0.3369628046108379 -0.9931103870469391 -0.9900757887035447 1.0 0.32190197765143636 -0.9939045744706219 0.8430172291078004
0.9996554610495383 -0.3173888930052879 -0.34591871261756013 0.32190197765143636 1.0 -0.23225635371935222 -0.23416071159109092
-0.24791052889608894 0.9869760949674902 0.9797935526995555 -0.9939045744706219 -0.23225635371935222 1.0 -0.8909185687501474
-0.2183986629835436 -0.8364191138328744 -0.8157408110743894 0.8430172291078004 -0.23416071159109092 -0.8909185687501474 1.0