1.0 0.13953718070207274 0.7702228209227774 -0.9287031960227357 0.9999857701069805 0.9294833715408917 -0.9977333061525374
0.13953718070207274 1.0 0.7076708071281131 0.12802384636761766 0.1430613941953723 0.46532784981622866 -0.20122100327694312
0.7702228209227774 0.7076708071281131 1.0 -0.5059962331717867 0.772155581941036 0.949857393768733 -0.8030258973563565
-0.9287031960227357 0.12802384636761766 -0.5059962331717867 1.0 -0.9280587276399449 -0.738411543740765 0.9154833772013521
0.9999857701069805 0.1430613941953723 0.772155581941036 -0.9280587276399449 1.0 0.93058018564228 -0.9979955220618217
0.9294833715408917 0.46532784981622866 0.949857393768733 -0.738411543740765 0.93058018564228 1.0 -0.9465296148057605
-0.9977333061525374 -0.20122100327694312 -0.8030258973563565 0.9154833772013521 -0.9979955220618217 -0.9465296148057605 1.0