1.0 0.14435807634840828 0.7694976951311141 -0.9283830958636263 0.9999846849784805 0.9294854583346996 -0.9977159358442965
0.14435807634840828 1.0 0.7098169635199305 0.1239666095337644 0.1469146071712393 0.4691406960192573 -0.20632014150265998
0.7694976951311141 0.7098169635199305 1.0 -0.503855262338476 0.7708826945987607 0.9498649620644624 -0.8026715538660656
-0.9283830958636263 0.1239666095337644 -0.503855262338476 1.0 -0.9280493872627827 -0.7376716555399849 0.9149053660176851
0.9999846849784805 0.1469146071712393 0.7708826945987607 -0.9280493872627827 1.0 0.9302735633900108 -0.9979420685714351
0.9294854583346996 0.4691406960192573 0.9498649620644624 -0.7376716555399849 0.9302735633900108 1.0 -0.9466642614575915
-0.9977159358442965 -0.20632014150265998 -0.8026715538660656 0.9149053660176851 -0.9979420685714351 -0.9466642614575915 1.0