1.0 0.18251465651230298 0.7874644784660232 -0.9334691329383173 0.999988698600663 0.9300848344175461 -0.9968805251504473
0.18251465651230298 1.0 0.7242537078835798 0.09771390823414258 0.18396053800240939 0.5115572172319577 -0.25597437482621693
0.7874644784660232 0.7242537078835798 1.0 -0.5466676390841827 0.7883239402637674 0.9580268958607586 -0.8275563085713659
-0.9334691329383173 0.09771390823414258 -0.5466676390841827 1.0 -0.9331559235548254 -0.7518509117216537 0.9146941157422045
0.999988698600663 0.18396053800240939 0.7883239402637674 -0.9331559235548254 1.0 0.9305618001729602 -0.996983028412991
0.9300848344175461 0.5115572172319577 0.9580268958607586 -0.7518509117216537 0.9305618001729602 1.0 -0.9519704168529631
-0.9968805251504473 -0.25597437482621693 -0.8275563085713659 0.9146941157422045 -0.996983028412991 -0.9519704168529631 1.0