1.0 0.3766198103391881 0.8926635795206387 -0.9587160860426851 0.9999556422925769 0.9579278837515456 -0.9934244828557153
0.3766198103391881 1.0 0.7462979306991966 -0.2411426248671397 0.3819471556870092 0.6173169169785064 -0.47144448683024187
0.8926635795206387 0.7462979306991966 1.0 -0.7860388185280738 0.894893015244365 0.9836631853736741 -0.9326834014969553
-0.9587160860426851 -0.2411426248671397 -0.7860388185280738 1.0 -0.9591229300020673 -0.8720743644564146 0.9483708988394037
0.9999556422925769 0.3819471556870092 0.894893015244365 -0.9591229300020673 1.0 0.9593548147141189 -0.9942287925477372
0.9579278837515456 0.6173169169785064 0.9836631853736741 -0.8720743644564146 0.9593548147141189 1.0 -0.9806659251685145
-0.9934244828557153 -0.47144448683024187 -0.9326834014969553 0.9483708988394037 -0.9942287925477372 -0.9806659251685145 1.0