1.0 0.0676665182903922 0.7839829603104693 -0.9129184041694784 0.999992785248098 0.9412011639503514 -0.9979926615035175
0.0676665182903922 1.0 0.6339231952560753 0.15320574500155798 0.06943064592595762 0.3588157847694039 -0.12705202176469094
0.7839829603104693 0.6339231952560753 1.0 -0.5241059257975517 0.7850193669672888 0.9443335230256115 -0.8144330809459999
-0.9129184041694784 0.15320574500155798 -0.5241059257975517 1.0 -0.9120999820718394 -0.7418245986474379 0.9040501397294207
0.999992785248098 0.06943064592595762 0.7850193669672888 -0.9120999820718394 1.0 0.9417955757086326 -0.9980590475919231
0.9412011639503514 0.3588157847694039 0.9443335230256115 -0.7418245986474379 0.9417955757086326 1.0 -0.954845196728063
-0.9979926615035175 -0.12705202176469094 -0.8144330809459999 0.9040501397294207 -0.9980590475919231 -0.954845196728063 1.0