1.0 0.21630398489078434 0.9017440051456218 -0.9448521473267887 0.9999725508740105 0.9657809821318085 -0.9969999679823773
0.21630398489078434 1.0 0.602826213492603 -0.005417465716874119 0.21778337576851928 0.44776514238761517 -0.2861483569999561
0.9017440051456218 0.602826213492603 1.0 -0.7414576652631072 0.9018252292611109 0.9824788124406617 -0.927561050737875
-0.9448521473267887 -0.005417465716874119 -0.7414576652631072 1.0 -0.9456701463965623 -0.8431806582582853 0.9329261974257013
0.9999725508740105 0.21778337576851928 0.9018252292611109 -0.9456701463965623 1.0 0.9657578637914731 -0.9971961054658777
0.9657809821318085 0.44776514238761517 0.9824788124406617 -0.8431806582582853 0.9657578637914731 1.0 -0.9794976406656493
-0.9969999679823773 -0.2861483569999561 -0.927561050737875 0.9329261974257013 -0.9971961054658777 -0.9794976406656493 1.0