1.0 -0.14568706988640115 0.8862812909995428 -0.9096394946824652 0.9999738776534101 0.9641732112689116 -0.9983905923090517
-0.14568706988640115 1.0 0.3074196913536101 0.420627040828962 -0.14211181370783948 0.09963757833065469 0.09232052099250003
0.8862812909995428 0.3074196913536101 1.0 -0.6396539212324356 0.8870919683052111 0.9764592720909868 -0.9069247705919304
-0.9096394946824652 0.420627040828962 -0.6396539212324356 1.0 -0.9103011622391797 -0.7763518780477521 0.8971894423216592
0.9999738776534101 -0.14211181370783948 0.8870919683052111 -0.9103011622391797 1.0 0.9644150591316981 -0.9986454566210472
0.9641732112689116 0.09963757833065469 0.9764592720909868 -0.7763518780477521 0.9644150591316981 1.0 -0.9743645307969652
-0.9983905923090517 0.09232052099250003 -0.9069247705919304 0.8971894423216592 -0.9986454566210472 -0.9743645307969652 1.0