1.0 0.14632234197281163 0.7728456455590895 -0.9351723218058824 0.9999843529129792 0.9299096527154503 -0.9977244781009524
0.14632234197281163 1.0 0.7041178335119779 0.11341283787195504 0.14867089355923455 0.46890523305142057 -0.20803376991284495
0.7728456455590895 0.7041178335119779 1.0 -0.5204873842949516 0.7738650622506806 0.9510591287203476 -0.8050764826400046
-0.9351723218058824 0.11341283787195504 -0.5204873842949516 1.0 -0.9351393405755608 -0.7490928854198927 0.921684206149306
0.9999843529129792 0.14867089355923455 0.7738650622506806 -0.9351393405755608 1.0 0.930506733752174 -0.997972343906088
0.9299096527154503 0.46890523305142057 0.9510591287203476 -0.7490928854198927 0.930506733752174 1.0 -0.946827090155032
-0.9977244781009524 -0.20803376991284495 -0.8050764826400046 0.921684206149306 -0.997972343906088 -0.946827090155032 1.0