1.0 -0.05878866776597347 0.8458825299154403 -0.9242816367957805 0.9999784773186577 0.9502405533769327 -0.9980876949822939
-0.05878866776597347 1.0 0.46815616631935675 0.3635277383550689 -0.05823809404424629 0.2408943720964477 3.418755593004638E-4
0.8458825299154403 0.46815616631935675 1.0 -0.5949241170585733 0.8455202045692658 0.969391741467965 -0.8730757995184877
-0.9242816367957805 0.3635277383550689 -0.5949241170585733 1.0 -0.9253962657514444 -0.7665600803187635 0.9077721329712025
0.9999784773186577 -0.05823809404424629 0.8455202045692658 -0.9253962657514444 1.0 0.9499389099639334 -0.9982190050582914
0.9502405533769327 0.2408943720964477 0.969391741467965 -0.7665600803187635 0.9499389099639334 1.0 -0.9648185419734961
-0.9980876949822939 3.418755593004638E-4 -0.8730757995184877 0.9077721329712025 -0.9982190050582914 -0.9648185419734961 1.0