1.0 0.12474391790703801 0.8996331669932125 -0.9393597356972715 0.9999727943772091 0.9666925405308151 -0.9969160469453929
0.12474391790703801 1.0 0.5282691452128718 0.06128811085119826 0.12730673448607116 0.35425003235352476 -0.19786420652149464
0.8996331669932125 0.5282691452128718 1.0 -0.7358217218137963 0.9000542334167505 0.9803923233230681 -0.9261449161750577
-0.9393597356972715 0.06128811085119826 -0.7358217218137963 1.0 -0.9402175848101295 -0.8390339264029295 0.9289311629384684
0.9999727943772091 0.12730673448607116 0.9000542334167505 -0.9402175848101295 1.0 0.9667892055491166 -0.9971602965293729
0.9666925405308151 0.35425003235352476 0.9803923233230681 -0.8390339264029295 0.9667892055491166 1.0 -0.9800193709140487
-0.9969160469453929 -0.19786420652149464 -0.9261449161750577 0.9289311629384684 -0.9971602965293729 -0.9800193709140487 1.0