1.0 0.23200545989695026 0.915138505425108 -0.9437155178562175 0.9999720581803678 0.9712021544440582 -0.9979273184968005
0.23200545989695026 1.0 0.5923410522103465 0.0011770204640813608 0.23314043946694651 0.44303756445072545 -0.2899798110314988
0.915138505425108 0.5923410522103465 1.0 -0.7535275591927503 0.9150968640041633 0.9839805416532516 -0.9353139174025128
-0.9437155178562175 0.0011770204640813608 -0.7535275591927503 1.0 -0.9443201028623693 -0.8483648777526311 0.9321632511679969
0.9999720581803678 0.23314043946694651 0.9150968640041633 -0.9443201028623693 1.0 0.9711621305341861 -0.998087311860474
0.9712021544440582 0.44303756445072545 0.9839805416532516 -0.8483648777526311 0.9711621305341861 1.0 -0.9818576718295668
-0.9979273184968005 -0.2899798110314988 -0.9353139174025128 0.9321632511679969 -0.998087311860474 -0.9818576718295668 1.0