1.0 0.4660163341767444 0.8330460646491601 -0.960501487174531 0.9999883420710596 0.9381785572742665 -0.9932600174511894
0.4660163341767444 1.0 0.8599538198002401 -0.37338253736646904 0.4666087067994078 0.7286898071011058 -0.5574717217604628
0.8330460646491601 0.8599538198002401 1.0 -0.723789064249471 0.8333804241643273 0.972550536025737 -0.8814751105635883
-0.960501487174531 -0.37338253736646904 -0.723789064249471 1.0 -0.9599927741269765 -0.8534944927516651 0.9554884036656816
0.9999883420710596 0.4666087067994078 0.8333804241643273 -0.9599927741269765 1.0 0.9383519733715839 -0.9932175766435584
0.9381785572742665 0.7286898071011058 0.972550536025737 -0.8534944927516651 0.9383519733715839 1.0 -0.9656772592785339
-0.9932600174511894 -0.5574717217604628 -0.8814751105635883 0.9554884036656816 -0.9932175766435584 -0.9656772592785339 1.0