1.0 0.017812151812068616 0.8874035682497479 -0.9167858486171363 0.9999878603524082 0.9677168053343047 -0.9977763531596074
0.017812151812068616 1.0 0.4630247551384282 0.1884806599117658 0.020219889786113287 0.24688433939348373 -0.08108723469572372
0.8874035682497479 0.4630247551384282 1.0 -0.6968551644479254 0.8882565302177575 0.9706738576709444 -0.9127428717894143
-0.9167858486171363 0.1884806599117658 -0.6968551644479254 1.0 -0.9171964901465219 -0.8063622765246057 0.9070291024750607
0.9999878603524082 0.020219889786113287 0.8882565302177575 -0.9171964901465219 1.0 0.9680294390598405 -0.9979864423238457
0.9677168053343047 0.24688433939348373 0.9706738576709444 -0.8063622765246057 0.9680294390598405 1.0 -0.9789440949816819
-0.9977763531596074 -0.08108723469572372 -0.9127428717894143 0.9070291024750607 -0.9979864423238457 -0.9789440949816819 1.0