1.0 0.2133945656876389 0.887619873732636 -0.9406724788692856 0.9999836784538784 0.9607989053722786 -0.9967261676112048
0.2133945656876389 1.0 0.6266129194603117 0.0028732631763539913 0.21306781926084575 0.46138679110659253 -0.28701154235578
0.887619873732636 0.6266129194603117 1.0 -0.7156258911491116 0.8870095637774471 0.979954150418145 -0.9173944416460382
-0.9406724788692856 0.0028732631763539913 -0.7156258911491116 1.0 -0.9415643583523342 -0.8283833723737796 0.9276186556793469
0.9999836784538784 0.21306781926084575 0.8870095637774471 -0.9415643583523342 1.0 0.9603432726288679 -0.9967199704413706
0.9607989053722786 0.46138679110659253 0.979954150418145 -0.8283833723737796 0.9603432726288679 1.0 -0.9766464257190463
-0.9967261676112048 -0.28701154235578 -0.9173944416460382 0.9276186556793469 -0.9967199704413706 -0.9766464257190463 1.0