1.0 0.14218067928250544 0.7693760411958496 -0.9279589464997534 0.999951137229035 0.929218013639806 -0.9976088872924925
0.14218067928250544 1.0 0.7097254995941185 0.12940885096718502 0.15022063899122012 0.4678033155874634 -0.20539827031067218
0.7693760411958496 0.7097254995941185 1.0 -0.50178112534505 0.7735933429861498 0.9496657000985034 -0.8029254452663056
-0.9279589464997534 0.12940885096718502 -0.50178112534505 1.0 -0.9267799456278446 -0.7358615946426141 0.9140952328110958
0.999951137229035 0.15022063899122012 0.7735933429861498 -0.9267799456278446 1.0 0.9315386083218223 -0.9982182884394268
0.929218013639806 0.4678033155874634 0.9496657000985034 -0.7358615946426141 0.9315386083218223 1.0 -0.9466129492620816
-0.9976088872924925 -0.20539827031067218 -0.8029254452663056 0.9140952328110958 -0.9982182884394268 -0.9466129492620816 1.0