1.0 0.3758814338667777 0.8157186177897251 -0.9462132068608172 0.9999738850850578 0.9396882643847251 -0.9955891596049787
0.3758814338667777 1.0 0.8306806654717362 -0.2259715994218876 0.3785755990194682 0.6509001784054698 -0.4544319387022799
0.8157186177897251 0.8306806654717362 1.0 -0.6580046705841845 0.8169204216910855 0.9615606889241031 -0.8582941927171056
-0.9462132068608172 -0.2259715994218876 -0.6580046705841845 1.0 -0.9468749218561863 -0.8134983612988748 0.9375215237607104
0.9999738850850578 0.3785755990194682 0.8169204216910855 -0.9468749218561863 1.0 0.940212977209108 -0.9959453932538632
0.9396882643847251 0.6509001784054698 0.9615606889241031 -0.8134983612988748 0.940212977209108 1.0 -0.9618656349848606
-0.9955891596049787 -0.4544319387022799 -0.8582941927171056 0.9375215237607104 -0.9959453932538632 -0.9618656349848606 1.0