1.0 -0.0022201199348619353 0.6927967504100867 -0.89609319011259 0.999988313419113 0.91381499913406 -0.9984138066419959
-0.0022201199348619353 1.0 0.7031493423365311 0.3390931532620817 -0.003378721647781205 0.38101304784603446 -0.05043813352084207
0.6927967504100867 0.7031493423365311 1.0 -0.34144962992222333 0.6916231757950362 0.9230430089314593 -0.7267075400845623
-0.89609319011259 0.3390931532620817 -0.34144962992222333 1.0 -0.897126987731021 -0.6518016417744609 0.8813980914442888
0.999988313419113 -0.003378721647781205 0.6916231757950362 -0.897126987731021 1.0 0.9130829780832643 -0.9983963362816625
0.91381499913406 0.38101304784603446 0.9230430089314593 -0.6518016417744609 0.9130829780832643 1.0 -0.9308363876841453
-0.9984138066419959 -0.05043813352084207 -0.7267075400845623 0.8813980914442888 -0.9983963362816625 -0.9308363876841453 1.0