1.0 0.3891843078049349 0.910818570148858 -0.9588248328069694 0.9999167674879706 0.964265392537007 -0.9940686089905064
0.3891843078049349 1.0 0.7262107117366032 -0.2697060605941661 0.39759867692016937 0.6103736393795887 -0.4790128925400633
0.910818570148858 0.7262107117366032 1.0 -0.8098538566025301 0.9138401285396774 0.9869419233791157 -0.9441520258174059
-0.9588248328069694 -0.2697060605941661 -0.8098538566025301 1.0 -0.9596970291849888 -0.8842963774302414 0.9511187971225844
0.9999167674879706 0.39759867692016937 0.9138401285396774 -0.9596970291849888 1.0 0.9661680700815237 -0.9951925779536684
0.964265392537007 0.6103736393795887 0.9869419233791157 -0.8842963774302414 0.9661680700815237 1.0 -0.9837078942975764
-0.9940686089905064 -0.4790128925400633 -0.9441520258174059 0.9511187971225844 -0.9951925779536684 -0.9837078942975764 1.0