1.0 0.15712906403920854 0.7943499119282951 -0.9255347974922348 0.999986319593527 0.9419254999902332 -0.997221562514349
0.15712906403920854 1.0 0.6922258838432187 0.0243956829559929 0.15935510478848036 0.4417078969907312 -0.22594755565779437
0.7943499119282951 0.6922258838432187 1.0 -0.5762422733687973 0.7954678641091982 0.948929091256878 -0.8294740040039392
-0.9255347974922348 0.0243956829559929 -0.5762422733687973 1.0 -0.925544220565219 -0.7706413278870965 0.9172955265033834
0.999986319593527 0.15935510478848036 0.7954678641091982 -0.925544220565219 1.0 0.9425049924014147 -0.9974408970278387
0.9419254999902332 0.4417078969907312 0.948929091256878 -0.7706413278870965 0.9425049924014147 1.0 -0.9579764663066933
-0.997221562514349 -0.22594755565779437 -0.8294740040039392 0.9172955265033834 -0.9974408970278387 -0.9579764663066933 1.0