1.0 0.2712507151659103 0.893593157026489 -0.9423547012281903 0.9999789635430689 0.96301918515517 -0.9966882530235052
0.2712507151659103 1.0 0.6621661850775266 -0.056128030937071555 0.2744239901524149 0.5067784318527964 -0.3447198245378662
0.893593157026489 0.6621661850775266 1.0 -0.7296664971485025 0.8947161633747418 0.980757130920273 -0.9234533778833249
-0.9423547012281903 -0.056128030937071555 -0.7296664971485025 1.0 -0.9425170375441065 -0.8347730925149128 0.9283954148944854
0.9999789635430689 0.2744239901524149 0.8947161633747418 -0.9425170375441065 1.0 0.9636293912369551 -0.9970192158521274
0.96301918515517 0.5067784318527964 0.980757130920273 -0.8347730925149128 0.9636293912369551 1.0 -0.9786758340845421
-0.9966882530235052 -0.3447198245378662 -0.9234533778833249 0.9283954148944854 -0.9970192158521274 -0.9786758340845421 1.0