1.0 0.005054258589270398 0.8996791098787837 -0.9261545511941813 0.9999690739127317 0.9676294498958823 -0.9977254227693556
0.005054258589270398 1.0 0.42112246357863425 0.22070132574809265 0.009052324629197719 0.23508527030245266 -0.06914777892153155
0.8996791098787837 0.42112246357863425 1.0 -0.7020662681524943 0.9005396243201218 0.9798995754975359 -0.9225390178224172
-0.9261545511941813 0.22070132574809265 -0.7020662681524943 1.0 -0.9269195394863665 -0.8152505280062352 0.9149242865861218
0.9999690739127317 0.009052324629197719 0.9005396243201218 -0.9269195394863665 1.0 0.9679254908575037 -0.998046821065302
0.9676294498958823 0.23508527030245266 0.9798995754975359 -0.8152505280062352 0.9679254908575037 1.0 -0.9788795632582135
-0.9977254227693556 -0.06914777892153155 -0.9225390178224172 0.9149242865861218 -0.998046821065302 -0.9788795632582135 1.0