1.0 0.3089873309676712 0.8997705835397617 -0.9473844448670621 0.999954282535328 0.9637386174228233 -0.9960102787782803
0.3089873309676712 1.0 0.6833024392027346 -0.1156427912676498 0.31551480540092763 0.5396831309623842 -0.3861546038447678
0.8997705835397617 0.6833024392027346 1.0 -0.7543229103123175 0.9024150148836351 0.9828177589103014 -0.9304926483749635
-0.9473844448670621 -0.1156427912676498 -0.7543229103123175 1.0 -0.947496800990443 -0.849747017660202 0.9349664624228055
0.999954282535328 0.31551480540092763 0.9024150148836351 -0.947496800990443 1.0 0.9652308097269363 -0.9967319532950035
0.9637386174228233 0.5396831309623842 0.9828177589103014 -0.849747017660202 0.9652308097269363 1.0 -0.9803984139377476
-0.9960102787782803 -0.3861546038447678 -0.9304926483749635 0.9349664624228055 -0.9967319532950035 -0.9803984139377476 1.0