1.0 0.4503134087581458 0.8295082648728603 -0.9500362515918515 0.9999772639290068 0.9415225472017623 -0.9941616648864241
0.4503134087581458 1.0 0.8597217176406321 -0.33819942095511246 0.4535238919261201 0.7081540104816503 -0.5342259915579951
0.8295082648728603 0.8597217176406321 1.0 -0.7023318694292944 0.8311182660667598 0.966981301374518 -0.8750575590340772
-0.9500362515918515 -0.33819942095511246 -0.7023318694292944 1.0 -0.950731046234887 -0.8377713841032284 0.945512242722079
0.9999772639290068 0.4535238919261201 0.8311182660667598 -0.950731046234887 1.0 0.9423471456152002 -0.9946291640524374
0.9415225472017623 0.7081540104816503 0.966981301374518 -0.8377713841032284 0.9423471456152002 1.0 -0.9659806666491068
-0.9941616648864241 -0.5342259915579951 -0.8750575590340772 0.945512242722079 -0.9946291640524374 -0.9659806666491068 1.0