1.0 0.20800919617507108 0.8891221854769915 -0.9342550919418002 0.9999593602652439 0.9664909272325642 -0.9963138932162079
0.20800919617507108 1.0 0.624793315693554 -0.04613474779362607 0.21237231428782608 0.43523357338256796 -0.28663948682275653
0.8891221854769915 0.624793315693554 1.0 -0.7442048228401225 0.8908754934328532 0.9735473716234233 -0.9214170141901489
-0.9342550919418002 -0.04613474779362607 -0.7442048228401225 1.0 -0.9343953392209517 -0.8398403448378895 0.9253839293647277
0.9999593602652439 0.21237231428782608 0.8908754934328532 -0.9343953392209517 1.0 0.9673063397651562 -0.9967332221719555
0.9664909272325642 0.43523357338256796 0.9735473716234233 -0.8398403448378895 0.9673063397651562 1.0 -0.9812032153285883
-0.9963138932162079 -0.28663948682275653 -0.9214170141901489 0.9253839293647277 -0.9967332221719555 -0.9812032153285883 1.0