1.0 0.15349168887634396 0.7938041476923975 -0.9232568167858415 0.9999884241125929 0.941924276840887 -0.9971893810659156
0.15349168887634396 1.0 0.6892836260128967 0.0363888574928019 0.1569028568198675 0.4388338654058876 -0.22300909200299437
0.7938041476923975 0.6892836260128967 1.0 -0.5695622743834861 0.795509931615869 0.9489504606580736 -0.8293649078523433
-0.9232568167858415 0.0363888574928019 -0.5695622743834861 1.0 -0.9229281463911624 -0.7664965729861385 0.9146246807197423
0.9999884241125929 0.1569028568198675 0.795509931615869 -0.9229281463911624 1.0 0.94272498598033 -0.9974238833448871
0.941924276840887 0.4388338654058876 0.9489504606580736 -0.7664965729861385 0.94272498598033 1.0 -0.9580807087505252
-0.9971893810659156 -0.22300909200299437 -0.8293649078523433 0.9146246807197423 -0.9974238833448871 -0.9580807087505252 1.0