1.0 0.20581141117264795 0.8729400245485393 -0.9272588735400846 0.9999892342946222 0.9605130588602114 -0.9966886483345574
0.20581141117264795 1.0 0.6546031735220599 0.00471145688089881 0.20693154312449233 0.4556377167881578 -0.2801147804033966
0.8729400245485393 0.6546031735220599 1.0 -0.6981146759547707 0.8734598784148137 0.9698024384851082 -0.9061335300864091
-0.9272588735400846 0.00471145688089881 -0.6981146759547707 1.0 -0.9274049015224086 -0.8118874847606765 0.914888228883298
0.9999892342946222 0.20693154312449233 0.8734598784148137 -0.9274049015224086 1.0 0.9606958511497099 -0.9967887458460285
0.9605130588602114 0.4556377167881578 0.9698024384851082 -0.8118874847606765 0.9606958511497099 1.0 -0.9766099533480999
-0.9966886483345574 -0.2801147804033966 -0.9061335300864091 0.914888228883298 -0.9967887458460285 -0.9766099533480999 1.0