1.0 0.12351551993224637 0.8686614230310669 -0.9159805103532406 0.9999860194196762 0.9606534214724104 -0.9974718814400828
0.12351551993224637 1.0 0.596078994541929 0.12496384744598739 0.12446529203496551 0.3785823174096947 -0.18919360163865467
0.8686614230310669 0.596078994541929 1.0 -0.6633831163744578 0.8691455500085193 0.9674450916192912 -0.8984177490163012
-0.9159805103532406 0.12496384744598739 -0.6633831163744578 1.0 -0.9162261560902488 -0.7889341444163772 0.9032305727449449
0.9999860194196762 0.12446529203496551 0.8691455500085193 -0.9162261560902488 1.0 0.9608785808693364 -0.9976113414716451
0.9606534214724104 0.3785823174096947 0.9674450916192912 -0.7889341444163772 0.9608785808693364 1.0 -0.9746657764026527
-0.9974718814400828 -0.18919360163865467 -0.8984177490163012 0.9032305727449449 -0.9976113414716451 -0.9746657764026527 1.0