1.0 0.06818263200409042 0.7844845294162037 -0.9150799115531372 0.9999967006210521 0.9412498132703041 -0.997997820361583
0.06818263200409042 1.0 0.6356198533029032 0.14606541679942037 0.06830282485747588 0.3591741424054863 -0.12729446895371335
0.7844845294162037 0.6356198533029032 1.0 -0.5303715489183003 0.7847364306573524 0.9441711412597883 -0.8147532161604375
-0.9150799115531372 0.14606541679942037 -0.5303715489183003 1.0 -0.914560402527549 -0.7455800507041301 0.9064759001991197
0.9999967006210521 0.06830282485747588 0.7847364306573524 -0.914560402527549 1.0 0.9415085834293925 -0.9980005311281088
0.9412498132703041 0.3591741424054863 0.9441711412597883 -0.7455800507041301 0.9415085834293925 1.0 -0.9548358013666463
-0.997997820361583 -0.12729446895371335 -0.8147532161604375 0.9064759001991197 -0.9980005311281088 -0.9548358013666463 1.0