1.0 0.14289119238234674 0.769654854383487 -0.9285622766126951 0.9999846978780095 0.9293054011580768 -0.9977313647208492
0.14289119238234674 1.0 0.7099337892057755 0.12519850951233671 0.147156857045624 0.4682396186740516 -0.2046928173112065
0.769654854383487 0.7099337892057755 1.0 -0.5044837537211055 0.7720227308575894 0.9497288154002114 -0.8025705111444427
-0.9285622766126951 0.12519850951233671 -0.5044837537211055 1.0 -0.927739389308076 -0.7376095018531097 0.9151913520901784
0.9999846978780095 0.147156857045624 0.7720227308575894 -0.927739389308076 1.0 0.9306056691414983 -0.9980268906315011
0.9293054011580768 0.4682396186740516 0.9497288154002114 -0.7376095018531097 0.9306056691414983 1.0 -0.9464091757905853
-0.9977313647208492 -0.2046928173112065 -0.8025705111444427 0.9151913520901784 -0.9980268906315011 -0.9464091757905853 1.0