1.0 0.29995872196989654 0.8009605969328969 -0.9423742417503781 0.9999734069057946 0.935770759270793 -0.9968546760975688
0.29995872196989654 1.0 0.7835220768088569 -0.07627662423202905 0.30552339769212516 0.5923255218184426 -0.3701641355475127
0.8009605969328969 0.7835220768088569 1.0 -0.5878844181395227 0.8039211389848248 0.959904292188926 -0.8379730029853457
-0.9423742417503781 -0.07627662423202905 -0.5878844181395227 1.0 -0.9415611838416503 -0.7800561327104953 0.9289626280317416
0.9999734069057946 0.30552339769212516 0.8039211389848248 -0.9415611838416503 1.0 0.9374284494913635 -0.9973185892344509
0.935770759270793 0.5923255218184426 0.959904292188926 -0.7800561327104953 0.9374284494913635 1.0 -0.9552213193057467
-0.9968546760975688 -0.3701641355475127 -0.8379730029853457 0.9289626280317416 -0.9973185892344509 -0.9552213193057467 1.0