1.0 -0.818655664300105 -0.8187369266281098 0.8032439098001257 0.9993189543404509 -0.8183884690858557 0.5771291138415873
-0.818655664300105 1.0 0.9999986425510606 -0.9986177048729253 -0.8305838630372925 0.9999982170427602 -0.9412466491331016
-0.8187369266281098 0.9999986425510606 1.0 -0.9986107353798106 -0.8306637800635701 0.9999958786127706 -0.9411958295810688
0.8032439098001257 -0.9986177048729253 -0.9986107353798106 1.0 0.8167908811636322 -0.9986466419382388 0.9472673325463401
0.9993189543404509 -0.8305838630372925 -0.8306637800635701 0.8167908811636322 1.0 -0.8303324395444758 0.5937903998125252
-0.8183884690858557 0.9999982170427602 0.9999958786127706 -0.9986466419382388 -0.8303324395444758 1.0 -0.9413987665383622
0.5771291138415873 -0.9412466491331016 -0.9411958295810688 0.9472673325463401 0.5937903998125252 -0.9413987665383622 1.0