1.0 -0.8511813075975726 -0.8509487209084501 0.8370145392678698 0.9995782827124813 -0.850890950358051 0.6302589557075549
-0.8511813075975726 1.0 0.9999986095854867 -0.9990894374509605 -0.8595907607810234 0.9999986122455866 -0.9438142197511956
-0.8509487209084501 0.9999986095854867 1.0 -0.9991142996069685 -0.8593679215259147 0.9999997513392938 -0.9439570695017838
0.8370145392678698 -0.9990894374509605 -0.9991142996069685 1.0 0.8464184677870721 -0.9991147578937003 0.9507417216335831
0.9995782827124813 -0.8595907607810234 -0.8593679215259147 0.8464184677870721 1.0 -0.8593099628109897 0.6424920584674403
-0.850890950358051 0.9999986122455866 0.9999997513392938 -0.9991147578937003 -0.8593099628109897 1.0 -0.9439958370744607
0.6302589557075549 -0.9438142197511956 -0.9439570695017838 0.9507417216335831 0.6424920584674403 -0.9439958370744607 1.0