1.0 -0.9836309207667769 -0.9836309207667769 0.9879101023457718 0.9996011488789951 -0.9836309207667769 0.9399977499831738
-0.9836309207667769 1.0 1.0 -0.999506558146804 -0.9787966998273427 1.0 -0.98604859690094
-0.9836309207667769 1.0 1.0 -0.999506558146804 -0.9787966998273427 1.0 -0.98604859690094
0.9879101023457718 -0.999506558146804 -0.999506558146804 1.0 0.9839446689111699 -0.999506558146804 0.980963476328514
0.9996011488789951 -0.9787966998273427 -0.9787966998273427 0.9839446689111699 1.0 -0.9787966998273427 0.9310471087849752
-0.9836309207667769 1.0 1.0 -0.999506558146804 -0.9787966998273427 1.0 -0.98604859690094
0.9399977499831738 -0.98604859690094 -0.98604859690094 0.980963476328514 0.9310471087849752 -0.98604859690094 1.0