1.0 -0.9996388251202416 -0.9996388251202416 0.9996581191562777 0.9999849727764402 -0.9996388251202416 0.9984921938081601
-0.9996388251202416 1.0 1.0 -0.9999927426720286 -0.9996155918483001 1.0 -0.9995994001732809
-0.9996388251202416 1.0 1.0 -0.9999927426720286 -0.9996155918483001 1.0 -0.9995994001732809
0.9996581191562777 -0.9999927426720286 -0.9999927426720286 1.0 0.9996528924204068 -0.9999927426720286 0.9995457225498255
0.9999849727764402 -0.9996155918483001 -0.9996155918483001 0.9996528924204068 1.0 -0.9996155918483001 0.998431490043943
-0.9996388251202416 1.0 1.0 -0.9999927426720286 -0.9996155918483001 1.0 -0.9995994001732809
0.9984921938081601 -0.9995994001732809 -0.9995994001732809 0.9995457225498255 0.998431490043943 -0.9995994001732809 1.0