1.0 -0.9992683676412443 -0.9992683676412443 0.9992317255602797 0.9999893620278191 -0.9992683676412443 0.9970975710949332
-0.9992683676412443 1.0 1.0 -0.999995685860156 -0.9992506160678314 1.0 -0.9992729947239939
-0.9992683676412443 1.0 1.0 -0.999995685860156 -0.9992506160678314 1.0 -0.9992729947239939
0.9992317255602797 -0.999995685860156 -0.999995685860156 1.0 0.9992244691025125 -0.999995685860156 0.9992869472563852
0.9999893620278191 -0.9992506160678314 -0.9992506160678314 0.9992244691025125 1.0 -0.9992506160678314 0.997050382305601
-0.9992683676412443 1.0 1.0 -0.999995685860156 -0.9992506160678314 1.0 -0.9992729947239939
0.9970975710949332 -0.9992729947239939 -0.9992729947239939 0.9992869472563852 0.997050382305601 -0.9992729947239939 1.0