1.0 -0.9994960758262416 -0.9994960758262416 0.9995129652656791 0.9999897170218435 -0.9994960758262416 0.9978965249808349
-0.9994960758262416 1.0 1.0 -0.9999885888933682 -0.9994689575537117 1.0 -0.9994463945010083
-0.9994960758262416 1.0 1.0 -0.9999885888933682 -0.9994689575537117 1.0 -0.9994463945010083
0.9995129652656791 -0.9999885888933682 -0.9999885888933682 1.0 0.9995045052472712 -0.9999885888933682 0.9993855365898413
0.9999897170218435 -0.9994689575537117 -0.9994689575537117 0.9995045052472712 1.0 -0.9994689575537117 0.9978323055025706
-0.9994960758262416 1.0 1.0 -0.9999885888933682 -0.9994689575537117 1.0 -0.9994463945010083
0.9978965249808349 -0.9994463945010083 -0.9994463945010083 0.9993855365898413 0.9978323055025706 -0.9994463945010083 1.0