1.0 -0.9995006938167037 -0.9995006938167037 0.9995358703032945 0.9999912575614402 -0.9995006938167037 0.9978575647679017
-0.9995006938167037 1.0 1.0 -0.9999903402709251 -0.999462272751674 1.0 -0.9994224619163457
-0.9995006938167037 1.0 1.0 -0.9999903402709251 -0.999462272751674 1.0 -0.9994224619163457
0.9995358703032945 -0.9999903402709251 -0.9999903402709251 1.0 0.9995137137918086 -0.9999903402709251 0.9993485003531886
0.9999912575614402 -0.999462272751674 -0.999462272751674 0.9995137137918086 1.0 -0.999462272751674 0.9977715904360736
-0.9995006938167037 1.0 1.0 -0.9999903402709251 -0.999462272751674 1.0 -0.9994224619163457
0.9978575647679017 -0.9994224619163457 -0.9994224619163457 0.9993485003531886 0.9977715904360736 -0.9994224619163457 1.0