1.0 -0.9995205313938517 -0.9995205313938517 0.9995117820680094 0.9999885066917266 -0.9995205313938517 0.9980688343574499
-0.9995205313938517 1.0 1.0 -0.9999873505321215 -0.9995116457967448 1.0 -0.9995080194038657
-0.9995205313938517 1.0 1.0 -0.9999873505321215 -0.9995116457967448 1.0 -0.9995080194038657
0.9995117820680094 -0.9999873505321215 -0.9999873505321215 1.0 0.9995231110064549 -0.9999873505321215 0.9994694144712296
0.9999885066917266 -0.9995116457967448 -0.9995116457967448 0.9995231110064549 1.0 -0.9995116457967448 0.9980405475776432
-0.9995205313938517 1.0 1.0 -0.9999873505321215 -0.9995116457967448 1.0 -0.9995080194038657
0.9980688343574499 -0.9995080194038657 -0.9995080194038657 0.9994694144712296 0.9980405475776432 -0.9995080194038657 1.0