1.0 -0.987790145460395 -0.987790145460395 0.9876832753048355 0.9999778938109857 -0.987790145460395 0.9590515838081084
-0.987790145460395 1.0 1.0 -0.99998447508299 -0.9876965004862401 1.0 -0.991455287678622
-0.987790145460395 1.0 1.0 -0.99998447508299 -0.9876965004862401 1.0 -0.991455287678622
0.9876832753048355 -0.99998447508299 -0.99998447508299 1.0 0.987619887094693 -0.99998447508299 0.9914829498605382
0.9999778938109857 -0.9876965004862401 -0.9876965004862401 0.987619887094693 1.0 -0.9876965004862401 0.958862107093728
-0.987790145460395 1.0 1.0 -0.99998447508299 -0.9876965004862401 1.0 -0.991455287678622
0.9590515838081084 -0.991455287678622 -0.991455287678622 0.9914829498605382 0.958862107093728 -0.991455287678622 1.0