1.0 -0.9901013966007832 -0.9901013966007832 0.9898360393297567 0.9999823756018821 -0.9901013966007832 0.9664505323917251
-0.9901013966007832 1.0 1.0 -0.9999856503872313 -0.9902671591820524 1.0 -0.9929247620864734
-0.9901013966007832 1.0 1.0 -0.9999856503872313 -0.9902671591820524 1.0 -0.9929247620864734
0.9898360393297567 -0.9999856503872313 -0.9999856503872313 1.0 0.9900277095582521 -0.9999856503872313 0.9930946790275939
0.9999823756018821 -0.9902671591820524 -0.9902671591820524 0.9900277095582521 1.0 -0.9902671591820524 0.9667377368220115
-0.9901013966007832 1.0 1.0 -0.9999856503872313 -0.9902671591820524 1.0 -0.9929247620864734
0.9664505323917251 -0.9929247620864734 -0.9929247620864734 0.9930946790275939 0.9667377368220115 -0.9929247620864734 1.0