1.0 -0.8893872824450676 -0.8880830215898311 0.8863421032088133 0.9984792756192217 -0.8869088546324901 0.6481056100210525
-0.8893872824450676 1.0 0.9999216137503887 -0.99884817370008 -0.8754186064873944 0.999683880432979 -0.9235863814242226
-0.8880830215898311 0.9999216137503887 1.0 -0.9992018141442675 -0.8740400856032674 0.9998815147183142 -0.9248842470369906
0.8863421032088133 -0.99884817370008 -0.9992018141442675 1.0 0.87270278389332 -0.9994354448664325 0.9244862564937368
0.9984792756192217 -0.8754186064873944 -0.8740400856032674 0.87270278389332 1.0 -0.8726282291940084 0.6241760144901316
-0.8869088546324901 0.999683880432979 0.9998815147183142 -0.9994354448664325 -0.8726282291940084 1.0 -0.926045513291099
0.6481056100210525 -0.9235863814242226 -0.9248842470369906 0.9244862564937368 0.6241760144901316 -0.926045513291099 1.0