1.0 -0.9993711759761824 -0.9993711759761824 0.999369777246709 0.9999855120516686 -0.9993711759761824 0.9974871001030005
-0.9993711759761824 1.0 1.0 -0.999994330379835 -0.9993518127865293 1.0 -0.9993662679038079
-0.9993711759761824 1.0 1.0 -0.999994330379835 -0.9993518127865293 1.0 -0.9993662679038079
0.999369777246709 -0.999994330379835 -0.999994330379835 1.0 0.999363574713189 -0.999994330379835 0.9993420925612697
0.9999855120516686 -0.9993518127865293 -0.9993518127865293 0.999363574713189 1.0 -0.9993518127865293 0.9974390465516012
-0.9993711759761824 1.0 1.0 -0.999994330379835 -0.9993518127865293 1.0 -0.9993662679038079
0.9974871001030005 -0.9993662679038079 -0.9993662679038079 0.9993420925612697 0.9974390465516012 -0.9993662679038079 1.0