1.0 -0.9995875727325153 -0.9995875727325153 0.9995765381567444 0.9999889911970055 -0.9995875727325153 0.9983830572197143
-0.9995875727325153 1.0 1.0 -0.99999348698113 -0.9995723561719398 1.0 -0.9995985961776529
-0.9995875727325153 1.0 1.0 -0.99999348698113 -0.9995723561719398 1.0 -0.9995985961776529
0.9995765381567444 -0.99999348698113 -0.99999348698113 1.0 0.9995733333466917 -0.99999348698113 0.9995814434038295
0.9999889911970055 -0.9995723561719398 -0.9995723561719398 0.9995733333466917 1.0 -0.9995723561719398 0.9983459124363615
-0.9995875727325153 1.0 1.0 -0.99999348698113 -0.9995723561719398 1.0 -0.9995985961776529
0.9983830572197143 -0.9995985961776529 -0.9995985961776529 0.9995814434038295 0.9983459124363615 -0.9995985961776529 1.0