1.0 -0.9995036553084294 -0.9995036553084294 0.9994990639515725 0.9999899083976145 -0.9995036553084294 0.9979402861142642
-0.9995036553084294 1.0 1.0 -0.999993814919156 -0.9994812869849867 1.0 -0.9994595007815587
-0.9995036553084294 1.0 1.0 -0.999993814919156 -0.9994812869849867 1.0 -0.9994595007815587
0.9994990639515725 -0.999993814919156 -0.999993814919156 1.0 0.9994899015105282 -0.999993814919156 0.9994345522282555
0.9999899083976145 -0.9994812869849867 -0.9994812869849867 0.9994899015105282 1.0 -0.9994812869849867 0.9978842157926618
-0.9995036553084294 1.0 1.0 -0.999993814919156 -0.9994812869849867 1.0 -0.9994595007815587
0.9979402861142642 -0.9994595007815587 -0.9994595007815587 0.9994345522282555 0.9978842157926618 -0.9994595007815587 1.0