1.0 -0.9997075186778471 -0.9997075186778471 0.9997312267853731 0.9999884511035311 -0.9997075186778471 0.9988316456273186
-0.9997075186778471 1.0 1.0 -0.9999955124135077 -0.9997294627593735 1.0 -0.9997039438138973
-0.9997075186778471 1.0 1.0 -0.9999955124135077 -0.9997294627593735 1.0 -0.9997039438138973
0.9997312267853731 -0.9999955124135077 -0.9999955124135077 1.0 0.999760997407468 -0.9999955124135077 0.9996618186017251
0.9999884511035311 -0.9997294627593735 -0.9997294627593735 0.999760997407468 1.0 -0.9997294627593735 0.9988689089528627
-0.9997075186778471 1.0 1.0 -0.9999955124135077 -0.9997294627593735 1.0 -0.9997039438138973
0.9988316456273186 -0.9997039438138973 -0.9997039438138973 0.9996618186017251 0.9988689089528627 -0.9997039438138973 1.0