1.0 -0.9996238903749414 -0.9996238903749414 0.9995829391951406 0.9999865210807163 -0.9996238903749414 0.9985700655166851
-0.9996238903749414 1.0 1.0 -0.9999914438700792 -0.9996426507036437 1.0 -0.9996539048195527
-0.9996238903749414 1.0 1.0 -0.9999914438700792 -0.9996426507036437 1.0 -0.9996539048195527
0.9995829391951406 -0.9999914438700792 -0.9999914438700792 1.0 0.9996204149957517 -0.9999914438700792 0.9996569585056222
0.9999865210807163 -0.9996426507036437 -0.9996426507036437 0.9996204149957517 1.0 -0.9996426507036437 0.9985948124201456
-0.9996238903749414 1.0 1.0 -0.9999914438700792 -0.9996426507036437 1.0 -0.9996539048195527
0.9985700655166851 -0.9996539048195527 -0.9996539048195527 0.9996569585056222 0.9985948124201456 -0.9996539048195527 1.0