1.0 -0.9992772046857777 -0.9992772046857777 0.9992697789779961 0.9999870402901598 -0.9992772046857777 0.9971141772963867
-0.9992772046857777 1.0 1.0 -0.9999942672012917 -0.9992748200524983 1.0 -0.999273206552213
-0.9992772046857777 1.0 1.0 -0.9999942672012917 -0.9992748200524983 1.0 -0.999273206552213
0.9992697789779961 -0.9999942672012917 -0.9999942672012917 1.0 0.9992812854427403 -0.9999942672012917 0.9992540759185733
0.9999870402901598 -0.9992748200524983 -0.9992748200524983 0.9992812854427403 1.0 -0.9992748200524983 0.9970990345388777
-0.9992772046857777 1.0 1.0 -0.9999942672012917 -0.9992748200524983 1.0 -0.999273206552213
0.9971141772963867 -0.999273206552213 -0.999273206552213 0.9992540759185733 0.9970990345388777 -0.999273206552213 1.0