1.0 -0.9992809599962896 -0.9992809599962896 0.9992638511338864 0.9999882051741894 -0.9992809599962896 0.9971178462282412
-0.9992809599962896 1.0 1.0 -0.99999387992987 -0.9992950635637763 1.0 -0.9992710332097667
-0.9992809599962896 1.0 1.0 -0.99999387992987 -0.9992950635637763 1.0 -0.9992710332097667
0.9992638511338864 -0.99999387992987 -0.99999387992987 1.0 0.9992932556584317 -0.99999387992987 0.9992597903662751
0.9999882051741894 -0.9992950635637763 -0.9992950635637763 0.9992932556584317 1.0 -0.9992950635637763 0.9971352450849578
-0.9992809599962896 1.0 1.0 -0.99999387992987 -0.9992950635637763 1.0 -0.9992710332097667
0.9971178462282412 -0.9992710332097667 -0.9992710332097667 0.9992597903662751 0.9971352450849578 -0.9992710332097667 1.0