1.0 -0.9994883757072843 -0.9994883757072843 0.9994866863107924 0.9999882862256348 -0.9994883757072843 0.998000365216767
-0.9994883757072843 1.0 1.0 -0.9999939082855641 -0.9994773968503206 1.0 -0.9995060418491934
-0.9994883757072843 1.0 1.0 -0.9999939082855641 -0.9994773968503206 1.0 -0.9995060418491934
0.9994866863107924 -0.9999939082855641 -0.9999939082855641 1.0 0.9994908608069489 -0.9999939082855641 0.9994802972687108
0.9999882862256348 -0.9994773968503206 -0.9994773968503206 0.9994908608069489 1.0 -0.9994773968503206 0.997969144192452
-0.9994883757072843 1.0 1.0 -0.9999939082855641 -0.9994773968503206 1.0 -0.9995060418491934
0.998000365216767 -0.9995060418491934 -0.9995060418491934 0.9994802972687108 0.997969144192452 -0.9995060418491934 1.0