1.0 -0.9997392644161781 -0.9997392644161781 0.9996976384303881 0.9999850571125184 -0.9997392644161781 0.9990112731601951
-0.9997392644161781 1.0 1.0 -0.9999921800716051 -0.9997534764639446 1.0 -0.9997594843973243
-0.9997392644161781 1.0 1.0 -0.9999921800716051 -0.9997534764639446 1.0 -0.9997594843973243
0.9996976384303881 -0.9999921800716051 -0.9999921800716051 1.0 0.9997313485448942 -0.9999921800716051 0.9997656975672002
0.9999850571125184 -0.9997534764639446 -0.9997534764639446 0.9997313485448942 1.0 -0.9997534764639446 0.9990272580856728
-0.9997392644161781 1.0 1.0 -0.9999921800716051 -0.9997534764639446 1.0 -0.9997594843973243
0.9990112731601951 -0.9997594843973243 -0.9997594843973243 0.9997656975672002 0.9990272580856728 -0.9997594843973243 1.0