1.0 -0.9995334644989056 -0.9995334644989056 0.9995218624718039 0.9999926739202094 -0.9995334644989056 0.9981445393887238
-0.9995334644989056 1.0 1.0 -0.9999965268326845 -0.9995469130228043 1.0 -0.9995354442096603
-0.9995334644989056 1.0 1.0 -0.9999965268326845 -0.9995469130228043 1.0 -0.9995354442096603
0.9995218624718039 -0.9999965268326845 -0.9999965268326845 1.0 0.9995417978899894 -0.9999965268326845 0.9995317175843036
0.9999926739202094 -0.9995469130228043 -0.9995469130228043 0.9995417978899894 1.0 -0.9995469130228043 0.9981674919121761
-0.9995334644989056 1.0 1.0 -0.9999965268326845 -0.9995469130228043 1.0 -0.9995354442096603
0.9981445393887238 -0.9995354442096603 -0.9995354442096603 0.9995317175843036 0.9981674919121761 -0.9995354442096603 1.0