1.0 -0.9994879963135105 -0.9994879963135105 0.999521711466111 0.9999890307621205 -0.9994879963135105 0.9978678959243878
-0.9994879963135105 1.0 1.0 -0.9999929880188723 -0.9994377294302399 1.0 -0.9994398329665392
-0.9994879963135105 1.0 1.0 -0.9999929880188723 -0.9994377294302399 1.0 -0.9994398329665392
0.999521711466111 -0.9999929880188723 -0.9999929880188723 1.0 0.9994869408194325 -0.9999929880188723 0.9993747205043573
0.9999890307621205 -0.9994377294302399 -0.9994377294302399 0.9994869408194325 1.0 -0.9994377294302399 0.9977569941295126
-0.9994879963135105 1.0 1.0 -0.9999929880188723 -0.9994377294302399 1.0 -0.9994398329665392
0.9978678959243878 -0.9994398329665392 -0.9994398329665392 0.9993747205043573 0.9977569941295126 -0.9994398329665392 1.0