1.0 -0.9996402398722565 -0.9996402398722565 0.9996091472861535 0.9999894416889621 -0.9996402398722565 0.9986237529289216
-0.9996402398722565 1.0 1.0 -0.9999933128519698 -0.9996452806024207 1.0 -0.9996652027989531
-0.9996402398722565 1.0 1.0 -0.9999933128519698 -0.9996452806024207 1.0 -0.9996652027989531
0.9996091472861535 -0.9999933128519698 -0.9999933128519698 1.0 0.9996295965122725 -0.9999933128519698 0.9996652972198484
0.9999894416889621 -0.9996452806024207 -0.9996452806024207 0.9996295965122725 1.0 -0.9996452806024207 0.9986224533582694
-0.9996402398722565 1.0 1.0 -0.9999933128519698 -0.9996452806024207 1.0 -0.9996652027989531
0.9986237529289216 -0.9996652027989531 -0.9996652027989531 0.9996652972198484 0.9986224533582694 -0.9996652027989531 1.0