1.0 -0.9993097641551839 -0.9993097641551839 0.9992920169225373 0.9999887556881072 -0.9993097641551839 0.9972392284232958
-0.9993097641551839 1.0 1.0 -0.9999936248570712 -0.9993349523892193 1.0 -0.9993044004745267
-0.9993097641551839 1.0 1.0 -0.9999936248570712 -0.9993349523892193 1.0 -0.9993044004745267
0.9992920169225373 -0.9999936248570712 -0.9999936248570712 1.0 0.9993309384990805 -0.9999936248570712 0.9992947890629369
0.9999887556881072 -0.9993349523892193 -0.9993349523892193 0.9993309384990805 1.0 -0.9993349523892193 0.9972817897317908
-0.9993097641551839 1.0 1.0 -0.9999936248570712 -0.9993349523892193 1.0 -0.9993044004745267
0.9972392284232958 -0.9993044004745267 -0.9993044004745267 0.9992947890629369 0.9972817897317908 -0.9993044004745267 1.0