1.0 -0.9996577220065902 -0.9996577220065902 0.9996681390007727 0.9999857355950136 -0.9996577220065902 0.9986126132915546
-0.9996577220065902 1.0 1.0 -0.9999921498687666 -0.9996215719098712 1.0 -0.9996415885048684
-0.9996577220065902 1.0 1.0 -0.9999921498687666 -0.9996215719098712 1.0 -0.9996415885048684
0.9996681390007727 -0.9999921498687666 -0.9999921498687666 1.0 0.9996505823266233 -0.9999921498687666 0.9995959074929615
0.9999857355950136 -0.9996215719098712 -0.9996215719098712 0.9996505823266233 1.0 -0.9996215719098712 0.9985285702864131
-0.9996577220065902 1.0 1.0 -0.9999921498687666 -0.9996215719098712 1.0 -0.9996415885048684
0.9986126132915546 -0.9996415885048684 -0.9996415885048684 0.9995959074929615 0.9985285702864131 -0.9996415885048684 1.0