1.0 -0.9994548382322944 -0.9994548382322944 0.999501926686782 0.9999933518080913 -0.9994548382322944 0.997666547297287
-0.9994548382322944 1.0 1.0 -0.9999950089084746 -0.9994164377710015 1.0 -0.9993729662131619
-0.9994548382322944 1.0 1.0 -0.9999950089084746 -0.9994164377710015 1.0 -0.9993729662131619
0.999501926686782 -0.9999950089084746 -0.9999950089084746 1.0 0.9994720020159682 -0.9999950089084746 0.9993023689158638
0.9999933518080913 -0.9994164377710015 -0.9994164377710015 0.9994720020159682 1.0 -0.9994164377710015 0.9975821948636996
-0.9994548382322944 1.0 1.0 -0.9999950089084746 -0.9994164377710015 1.0 -0.9993729662131619
0.997666547297287 -0.9993729662131619 -0.9993729662131619 0.9993023689158638 0.9975821948636996 -0.9993729662131619 1.0