1.0 -0.9994487381561239 -0.9994487381561239 0.9994402949069584 0.9999865069030965 -0.9994487381561239 0.997800829639294
-0.9994487381561239 1.0 1.0 -0.9999919629600728 -0.999439475215449 1.0 -0.9994445896991754
-0.9994487381561239 1.0 1.0 -0.9999919629600728 -0.999439475215449 1.0 -0.9994445896991754
0.9994402949069584 -0.9999919629600728 -0.9999919629600728 1.0 0.9994481129865063 -0.9999919629600728 0.9994179825185328
0.9999865069030965 -0.999439475215449 -0.999439475215449 0.9994481129865063 1.0 -0.999439475215449 0.9977707731491019
-0.9994487381561239 1.0 1.0 -0.9999919629600728 -0.999439475215449 1.0 -0.9994445896991754
0.997800829639294 -0.9994445896991754 -0.9994445896991754 0.9994179825185328 0.9977707731491019 -0.9994445896991754 1.0