1.0 -0.9995552105590174 -0.9995552105590174 0.9995255968433434 0.9999881570919905 -0.9995552105590174 0.9982555821862775
-0.9995552105590174 1.0 1.0 -0.9999903426085179 -0.9995711328476047 1.0 -0.9995666339529172
-0.9995552105590174 1.0 1.0 -0.9999903426085179 -0.9995711328476047 1.0 -0.9995666339529172
0.9995255968433434 -0.9999903426085179 -0.9999903426085179 1.0 0.9995580563056445 -0.9999903426085179 0.9995574866290009
0.9999881570919905 -0.9995711328476047 -0.9995711328476047 0.9995580563056445 1.0 -0.9995711328476047 0.9982775959225924
-0.9995552105590174 1.0 1.0 -0.9999903426085179 -0.9995711328476047 1.0 -0.9995666339529172
0.9982555821862775 -0.9995666339529172 -0.9995666339529172 0.9995574866290009 0.9982775959225924 -0.9995666339529172 1.0