1.0 -0.999627996339752 -0.999627996339752 0.9996007514891793 0.9999870068114074 -0.999627996339752 0.9985292508308927
-0.999627996339752 1.0 1.0 -0.9999918284752566 -0.9996181384151944 1.0 -0.9996303532737333
-0.999627996339752 1.0 1.0 -0.9999918284752566 -0.9996181384151944 1.0 -0.9996303532737333
0.9996007514891793 -0.9999918284752566 -0.9999918284752566 1.0 0.9996071023158208 -0.9999918284752566 0.9996228501715799
0.9999870068114074 -0.9996181384151944 -0.9996181384151944 0.9996071023158208 1.0 -0.9996181384151944 0.9984992554135809
-0.999627996339752 1.0 1.0 -0.9999918284752566 -0.9996181384151944 1.0 -0.9996303532737333
0.9985292508308927 -0.9996303532737333 -0.9996303532737333 0.9996228501715799 0.9984992554135809 -0.9996303532737333 1.0