1.0 -0.9994411408820044 -0.9994411408820044 0.9994353144992101 0.9999907593469497 -0.9994411408820044 0.9977523497297247
-0.9994411408820044 1.0 1.0 -0.9999956218188579 -0.9994394287265748 1.0 -0.9994302842612268
-0.9994411408820044 1.0 1.0 -0.9999956218188579 -0.9994394287265748 1.0 -0.9994302842612268
0.9994353144992101 -0.9999956218188579 -0.9999956218188579 1.0 0.9994439811731275 -0.9999956218188579 0.9994154823847763
0.9999907593469497 -0.9994394287265748 -0.9994394287265748 0.9994439811731275 1.0 -0.9994394287265748 0.9977416927250587
-0.9994411408820044 1.0 1.0 -0.9999956218188579 -0.9994394287265748 1.0 -0.9994302842612268
0.9977523497297247 -0.9994302842612268 -0.9994302842612268 0.9994154823847763 0.9977416927250587 -0.9994302842612268 1.0