1.0 -0.9994900598333432 -0.9994900598333432 0.9994471648417368 0.9999853041781555 -0.9994900598333432 0.9980257845999353
-0.9994900598333432 1.0 1.0 -0.9999904944772265 -0.9995153380110443 1.0 -0.9995127365869445
-0.9994900598333432 1.0 1.0 -0.9999904944772265 -0.9995153380110443 1.0 -0.9995127365869445
0.9994471648417368 -0.9999904944772265 -0.9999904944772265 1.0 0.999493664408568 -0.9999904944772265 0.9995103282450942
0.9999853041781555 -0.9995153380110443 -0.9995153380110443 0.999493664408568 1.0 -0.9995153380110443 0.9980582854430601
-0.9994900598333432 1.0 1.0 -0.9999904944772265 -0.9995153380110443 1.0 -0.9995127365869445
0.9980257845999353 -0.9995127365869445 -0.9995127365869445 0.9995103282450942 0.9980582854430601 -0.9995127365869445 1.0