1.0 -0.9995605124044458 -0.9995605124044458 0.9995637441230468 0.9999828653679337 -0.9995605124044458 0.9981430758663942
-0.9995605124044458 1.0 1.0 -0.9999940385304938 -0.9995154318079614 1.0 -0.999502079839578
-0.9995605124044458 1.0 1.0 -0.9999940385304938 -0.9995154318079614 1.0 -0.999502079839578
0.9995637441230468 -0.9999940385304938 -0.9999940385304938 1.0 0.9995359054763342 -0.9999940385304938 0.9994684023660425
0.9999828653679337 -0.9995154318079614 -0.9995154318079614 0.9995359054763342 1.0 -0.9995154318079614 0.9980371492864968
-0.9995605124044458 1.0 1.0 -0.9999940385304938 -0.9995154318079614 1.0 -0.999502079839578
0.9981430758663942 -0.999502079839578 -0.999502079839578 0.9994684023660425 0.9980371492864968 -0.999502079839578 1.0