1.0 -0.9995015295634145 -0.9995015295634145 0.9994901142219995 0.9999863521886891 -0.9995015295634145 0.9979731759408841
-0.9995015295634145 1.0 1.0 -0.999993371638055 -0.9994677812947526 1.0 -0.9994792100623738
-0.9995015295634145 1.0 1.0 -0.999993371638055 -0.9994677812947526 1.0 -0.9994792100623738
0.9994901142219995 -0.999993371638055 -0.999993371638055 1.0 0.9994712254770285 -0.999993371638055 0.9994624756190755
0.9999863521886891 -0.9994677812947526 -0.9994677812947526 0.9994712254770285 1.0 -0.9994677812947526 0.9978966693235007
-0.9995015295634145 1.0 1.0 -0.999993371638055 -0.9994677812947526 1.0 -0.9994792100623738
0.9979731759408841 -0.9994792100623738 -0.9994792100623738 0.9994624756190755 0.9978966693235007 -0.9994792100623738 1.0