1.0 -0.9993878532854203 -0.9993878532854203 0.9994067283698009 0.9999892490468878 -0.9993878532854203 0.997430623750686
-0.9993878532854203 1.0 1.0 -0.9999934636241623 -0.9993528709050453 1.0 -0.9993202501004484
-0.9993878532854203 1.0 1.0 -0.9999934636241623 -0.9993528709050453 1.0 -0.9993202501004484
0.9994067283698009 -0.9999934636241623 -0.9999934636241623 1.0 0.9993858811349163 -0.9999934636241623 0.9992701246893131
0.9999892490468878 -0.9993528709050453 -0.9993528709050453 0.9993858811349163 1.0 -0.9993528709050453 0.9973499484712244
-0.9993878532854203 1.0 1.0 -0.9999934636241623 -0.9993528709050453 1.0 -0.9993202501004484
0.997430623750686 -0.9993202501004484 -0.9993202501004484 0.9992701246893131 0.9973499484712244 -0.9993202501004484 1.0