1.0 -0.9995507966305055 -0.9995507966305055 0.9995568929122114 0.9999927417501759 -0.9995507966305055 0.9981379166735498
-0.9995507966305055 1.0 1.0 -0.9999961682312714 -0.9995307859957598 1.0 -0.9995132478430996
-0.9995507966305055 1.0 1.0 -0.9999961682312714 -0.9995307859957598 1.0 -0.9995132478430996
0.9995568929122114 -0.9999961682312714 -0.9999961682312714 1.0 0.9995441086256533 -0.9999961682312714 0.9994888317654067
0.9999927417501759 -0.9995307859957598 -0.9995307859957598 0.9995441086256533 1.0 -0.9995307859957598 0.9980915077260518
-0.9995507966305055 1.0 1.0 -0.9999961682312714 -0.9995307859957598 1.0 -0.9995132478430996
0.9981379166735498 -0.9995132478430996 -0.9995132478430996 0.9994888317654067 0.9980915077260518 -0.9995132478430996 1.0