1.0 -0.9945576492977763 -0.9945576492977763 0.9941226101581597 0.9997192301741943 -0.9945576492977763 0.980847760798829
-0.9945576492977763 1.0 1.0 -0.9998979210549904 -0.9948871835979295 1.0 -0.995681030829495
-0.9945576492977763 1.0 1.0 -0.9998979210549904 -0.9948871835979295 1.0 -0.995681030829495
0.9941226101581597 -0.9998979210549904 -0.9998979210549904 1.0 0.9947424487761503 -0.9998979210549904 0.9955813599116041
0.9997192301741943 -0.9948871835979295 -0.9948871835979295 0.9947424487761503 1.0 -0.9948871835979295 0.9812515663307371
-0.9945576492977763 1.0 1.0 -0.9998979210549904 -0.9948871835979295 1.0 -0.995681030829495
0.980847760798829 -0.995681030829495 -0.995681030829495 0.9955813599116041 0.9812515663307371 -0.995681030829495 1.0