1.0 -0.9968006153185608 -0.9968006153185608 0.9967108826450777 0.9997801593048162 -0.9968006153185608 0.9874096441172895
-0.9968006153185608 1.0 1.0 -0.9998260247392212 -0.9963032365140481 1.0 -0.9967324796051499
-0.9968006153185608 1.0 1.0 -0.9998260247392212 -0.9963032365140481 1.0 -0.9967324796051499
0.9967108826450777 -0.9998260247392212 -0.9998260247392212 1.0 0.9965633452653729 -0.9998260247392212 0.996023275165982
0.9997801593048162 -0.9963032365140481 -0.9963032365140481 0.9965633452653729 1.0 -0.9963032365140481 0.9861572779313537
-0.9968006153185608 1.0 1.0 -0.9998260247392212 -0.9963032365140481 1.0 -0.9967324796051499
0.9874096441172895 -0.9967324796051499 -0.9967324796051499 0.996023275165982 0.9861572779313537 -0.9967324796051499 1.0