1.0 -0.9956221617263313 -0.9956221617263313 0.9953399045309689 0.9997307474235092 -0.9956221617263313 0.9839859303244161
-0.9956221617263313 1.0 1.0 -0.999858720286743 -0.9955682826069813 1.0 -0.9961764063389396
-0.9956221617263313 1.0 1.0 -0.999858720286743 -0.9955682826069813 1.0 -0.9961764063389396
0.9953399045309689 -0.999858720286743 -0.999858720286743 1.0 0.9956226820460031 -0.999858720286743 0.9957672875907305
0.9997307474235092 -0.9955682826069813 -0.9955682826069813 0.9956226820460031 1.0 -0.9955682826069813 0.9835910545289811
-0.9956221617263313 1.0 1.0 -0.999858720286743 -0.9955682826069813 1.0 -0.9961764063389396
0.9839859303244161 -0.9961764063389396 -0.9961764063389396 0.9957672875907305 0.9835910545289811 -0.9961764063389396 1.0