1.0 0.9341169693920222 0.9071136233936707 -0.9977868442945563 0.9999963020704584 0.9985623730341081 -0.9998238211039124
0.9341169693920222 1.0 0.996721799540022 -0.9526471556895572 0.9344255425040122 0.949128825939459 -0.9399593079407297
0.9071136233936707 0.996721799540022 1.0 -0.9301022140236413 0.9074864396288805 0.9250475976539237 -0.9141517021159073
-0.9977868442945563 -0.9526471556895572 -0.9301022140236413 1.0 -0.997868298971777 -0.998968855384371 0.9987769148290384
0.9999963020704584 0.9344255425040122 0.9074864396288805 -0.997868298971777 1.0 0.9986098484199252 -0.9998480604906758
0.9985623730341081 0.949128825939459 0.9250475976539237 -0.998968855384371 0.9986098484199252 1.0 -0.9991388521205388
-0.9998238211039124 -0.9399593079407297 -0.9141517021159073 0.9987769148290384 -0.9998480604906758 -0.9991388521205388 1.0