1.0 0.9473655039604968 0.917675912844765 -0.9979978773644886 0.9999964288111075 0.9989743929542865 -0.9998436011661088
0.9473655039604968 1.0 0.9950048393035931 -0.9624940471221851 0.9475363748021349 0.9586233146005682 -0.9522059984163489
0.917675912844765 0.9950048393035931 1.0 -0.9378719373402556 0.9178556884182737 0.9316218997909844 -0.9238681597311862
-0.9979978773644886 -0.9624940471221851 -0.9378719373402556 1.0 -0.9980439588507942 -0.9990679836862001 0.9988795461508114
0.9999964288111075 0.9475363748021349 0.9178556884182737 -0.9980439588507942 1.0 0.9990067567855291 -0.9998591601636161
0.9989743929542865 0.9586233146005682 0.9316218997909844 -0.9990679836862001 0.9990067567855291 1.0 -0.9994240899537354
-0.9998436011661088 -0.9522059984163489 -0.9238681597311862 0.9988795461508114 -0.9998591601636161 -0.9994240899537354 1.0