1.0 0.9801792351335827 0.9965802922878073 -0.9997365850368837 0.9999992086047493 0.9999162861594163 -0.9999594498681134
0.9801792351335827 1.0 0.992732791446827 -0.9835839645420438 0.9800674495644703 0.9824127224190825 -0.9817373342943365
0.9965802922878073 0.992732791446827 1.0 -0.9980287672552663 0.9965330324083336 0.9975228908012027 -0.997248407871968
-0.9997365850368837 -0.9835839645420438 -0.9980287672552663 1.0 -0.999728231493058 -0.9999396989523512 0.9998952571905874
0.9999992086047493 0.9800674495644703 0.9965330324083336 -0.999728231493058 1.0 0.9999117236708359 -0.999956355806042
0.9999162861594163 0.9824127224190825 0.9975228908012027 -0.9999396989523512 0.9999117236708359 1.0 -0.9999922108161525
-0.9999594498681134 -0.9817373342943365 -0.997248407871968 0.9998952571905874 -0.999956355806042 -0.9999922108161525 1.0