1.0 0.997162514349472 0.9994315481880768 -0.9997861563499287 0.9999972420926334 0.9998452815404159 -0.9999154359453629
0.997162514349472 1.0 0.9990519480113279 -0.9981122125472356 0.9973225241480554 0.9983199263607626 -0.9980500702853226
0.9994315481880768 0.9990519480113279 1.0 -0.9997608601727276 0.9994942027929556 0.9998556621209379 -0.9997735505755845
-0.9997861563499287 -0.9981122125472356 -0.9997608601727276 1.0 -0.9998134861943179 -0.9999284592151029 0.9999186842582513
0.9999972420926334 0.9973225241480554 0.9994942027929556 -0.9998134861943179 1.0 0.9998795476138534 -0.9999403776446817
0.9998452815404159 0.9983199263607626 0.9998556621209379 -0.9999284592151029 0.9998795476138534 1.0 -0.9999894000754325
-0.9999154359453629 -0.9980500702853226 -0.9997735505755845 0.9999186842582513 -0.9999403776446817 -0.9999894000754325 1.0