1.0 0.9974721383886346 0.9991736998237776 -0.9997027399712843 0.9999982266005077 0.9998998400820703 -0.999946291877578
0.9974721383886346 1.0 0.9994047370429606 -0.9987554957310811 0.9975138822058305 0.9983160916711211 -0.9981045844999687
0.9991736998237776 0.9994047370429606 1.0 -0.9997533994702085 0.9991953226239735 0.9995921883276475 -0.9994973176002806
-0.9997027399712843 -0.9987554957310811 -0.9997533994702085 1.0 -0.9997058139884234 -0.999906746932141 0.9998665368401085
0.9999982266005077 0.9975138822058305 0.9991953226239735 -0.9997058139884234 1.0 0.9999084313051889 -0.9999530443730322
0.9998998400820703 0.9983160916711211 0.9995921883276475 -0.999906746932141 0.9999084313051889 1.0 -0.9999925900147318
-0.999946291877578 -0.9981045844999687 -0.9994973176002806 0.9998665368401085 -0.9999530443730322 -0.9999925900147318 1.0