1.0 0.9951499810148171 0.9991828171372377 -0.9999014468818055 0.9999980725020328 0.9999077549748524 -0.9999493361923174
0.9951499810148171 1.0 0.9981780841271156 -0.9960999308503498 0.9952422016891935 0.9962715693451125 -0.9959878413739116
0.9991828171372377 0.9981780841271156 1.0 -0.9995107981729828 0.999219672124683 0.9995828321070934 -0.9994926529162362
-0.9999014468818055 -0.9960999308503498 -0.9995107981729828 1.0 -0.9999011958302091 -0.999931222117068 0.999937892616268
0.9999980725020328 0.9952422016891935 0.999219672124683 -0.9999011958302091 1.0 0.9999251839661905 -0.9999621869076006
0.9999077549748524 0.9962715693451125 0.9995828321070934 -0.999931222117068 0.9999251839661905 1.0 -0.9999937149991085
-0.9999493361923174 -0.9959878413739116 -0.9994926529162362 0.999937892616268 -0.9999621869076006 -0.9999937149991085 1.0