1.0 0.9556639438795488 0.9881102965161357 -0.9993008723028838 0.9999984465215026 0.9985228962113155 -0.9999095996747451
0.9556639438795488 1.0 0.9881811444331123 -0.9600515609036631 0.9560037570582252 0.9685867683810023 -0.9592284344960226
0.9881102965161357 0.9881811444331123 1.0 -0.9907330955390473 0.988243532354872 0.9931950490751836 -0.9898377459577065
-0.9993008723028838 -0.9600515609036631 -0.9907330955390473 1.0 -0.9993087883123061 -0.9979283834363539 0.9995242845983294
0.9999984465215026 0.9560037570582252 0.988243532354872 -0.9993087883123061 1.0 0.9985898589577078 -0.9999259506191733
0.9985228962113155 0.9685867683810023 0.9931950490751836 -0.9979283834363539 0.9985898589577078 1.0 -0.998997270394632
-0.9999095996747451 -0.9592284344960226 -0.9898377459577065 0.9995242845983294 -0.9999259506191733 -0.998997270394632 1.0