1.0 0.9893785798044722 0.9986463574541408 -0.999782603393 0.9999980515903526 0.9998619485768693 -0.9999223212475465
0.9893785798044722 1.0 0.995326861877431 -0.9915104449683296 0.9896003125415006 0.9914957027484704 -0.9909895481582485
0.9986463574541408 0.995326861877431 1.0 -0.999340827067042 0.9987128538649338 0.9992569678252299 -0.9991270660365079
-0.999782603393 -0.9915104449683296 -0.999340827067042 1.0 -0.9998031616522859 -0.9999199399770723 0.9999089122297813
0.9999980515903526 0.9896003125415006 0.9987128538649338 -0.9998031616522859 1.0 0.9998895814043552 -0.9999427531539908
0.9998619485768693 0.9914957027484704 0.9992569678252299 -0.9999199399770723 0.9998895814043552 1.0 -0.9999913265024624
-0.9999223212475465 -0.9909895481582485 -0.9991270660365079 0.9999089122297813 -0.9999427531539908 -0.9999913265024624 1.0