1.0 0.9952298620251495 0.9974215411169588 -0.9996709075896297 0.9999993316903064 0.9999179968501763 -0.9999587363407557
0.9952298620251495 1.0 0.9996370866268505 -0.9971056251921167 0.9952034780374284 0.9963017097062026 -0.9959957121041754
0.9974215411169588 0.9996370866268505 1.0 -0.9987325895322123 0.9973955952814285 0.9981645244798113 -0.9979547683485874
-0.9996709075896297 -0.9971056251921167 -0.9987325895322123 1.0 -0.9996562133801163 -0.9998667688108215 0.9998210385639547
0.9999993316903064 0.9952034780374284 0.9973955952814285 -0.9996562133801163 1.0 0.999917529683648 -0.9999587084285855
0.9999179968501763 0.9963017097062026 0.9981645244798113 -0.9998667688108215 0.999917529683648 1.0 -0.9999929376836288
-0.9999587363407557 -0.9959957121041754 -0.9979547683485874 0.9998210385639547 -0.9999587084285855 -0.9999929376836288 1.0