1.0 0.9864862494770394 0.9932392554754104 -0.9987151894145324 0.9999989659000185 0.9998460360883002 -0.9999269850745499
0.9864862494770394 1.0 0.9986405328815589 -0.9930830825914218 0.9863073452111263 0.9890872696085383 -0.9883108884572956
0.9932392554754104 0.9986405328815589 1.0 -0.9973615721426388 0.9931093748991141 0.9949826523916055 -0.9944721352342549
-0.9987151894145324 -0.9930830825914218 -0.9973615721426388 1.0 -0.9986579549025787 -0.9994437206353921 0.9992495182010153
0.9999989659000185 0.9863073452111263 0.9931093748991141 -0.9986579549025787 1.0 0.9998250930013594 -0.9999124327810218
0.9998460360883002 0.9890872696085383 0.9949826523916055 -0.9994437206353921 0.9998250930013594 1.0 -0.9999850330090257
-0.9999269850745499 -0.9883108884572956 -0.9944721352342549 0.9992495182010153 -0.9999124327810218 -0.9999850330090257 1.0