1.0 0.9937486838565959 0.9969796173432083 -0.9994135647223638 0.9999992950739981 0.9999237210515034 -0.9999621482889104
0.9937486838565959 1.0 0.9991425001151271 -0.9964930254973641 0.9937110001177741 0.9949925206237802 -0.9946463855210104
0.9969796173432083 0.9991425001151271 1.0 -0.998878427056044 0.9969425335109192 0.997852414518262 -0.9976098131999118
-0.9994135647223638 -0.9964930254973641 -0.998878427056044 1.0 -0.9993935995589665 -0.9997408168408034 0.9996570695747663
0.9999992950739981 0.9937110001177741 0.9969425335109192 -0.9993935995589665 1.0 0.9999170321971227 -0.999957656595453
0.9999237210515034 0.9949925206237802 0.997852414518262 -0.9997408168408034 0.9999170321971227 1.0 -0.9999932111592773
-0.9999621482889104 -0.9946463855210104 -0.9976098131999118 0.9996570695747663 -0.999957656595453 -0.9999932111592773 1.0