1.0 0.983353154665113 0.9959156177336103 -0.9994302303129495 0.9999989176918956 0.9998136282713687 -0.999901796291286
0.983353154665113 1.0 0.9955825091310904 -0.9878080653149077 0.9835053257565303 0.9864754993854571 -0.9856605656287107
0.9959156177336103 0.9955825091310904 1.0 -0.9980450763344749 0.9959819994276471 0.9974187171744134 -0.9970421883027322
-0.9994302303129495 -0.9878080653149077 -0.9980450763344749 1.0 -0.9994426547227202 -0.9998442736689674 0.9997632997684488
0.9999989176918956 0.9835053257565303 0.9959819994276471 -0.9994426547227202 1.0 0.9998288019897204 -0.9999129924716667
0.9998136282713687 0.9864754993854571 0.9974187171744134 -0.9998442736689674 0.9998288019897204 1.0 -0.9999858746019454
-0.999901796291286 -0.9856605656287107 -0.9970421883027322 0.9997632997684488 -0.9999129924716667 -0.9999858746019454 1.0