1.0 0.9424684865600108 0.9914975056862315 -0.9985405378075245 0.9999991242917016 0.9997099310596751 -0.9998527270100062
0.9424684865600108 1.0 0.9768856346959892 -0.9582230732477048 0.9427096240259933 0.9495819473730863 -0.9475879330613034
0.9914975056862315 0.9768856346959892 1.0 -0.9966626283849638 0.9915951699222383 0.9941646564901511 -0.9934555258382664
-0.9985405378075245 -0.9582230732477048 -0.9966626283849638 1.0 -0.9985816311522844 -0.9995201708129959 0.999296211472711
0.9999991242917016 0.9427096240259933 0.9915951699222383 -0.9985816311522844 1.0 0.9997299500908627 -0.9998670578280222
0.9997099310596751 0.9495819473730863 0.9941646564901511 -0.9995201708129959 0.9997299500908627 1.0 -0.9999759408459246
-0.9998527270100062 -0.9475879330613034 -0.9934555258382664 0.999296211472711 -0.9998670578280222 -0.9999759408459246 1.0