1.0 0.9994007752309996 0.9998491431320601 -0.9999890148309283 0.9999985699401395 0.9999463825022048 -0.9999692541646854
0.9994007752309996 1.0 0.9998414410198885 -0.9994391074608084 0.9994484706892889 0.9997028571461396 -0.9996385189682108
0.9998491431320601 0.9998414410198885 1.0 -0.9998642460587 0.9998699417392254 0.9999671022636163 -0.9999475300084414
-0.9999890148309283 -0.9994391074608084 -0.9998642460587 1.0 -0.9999870221283972 -0.9999493186160551 0.9999673335918772
0.9999985699401395 0.9994484706892889 0.9998699417392254 -0.9999870221283972 1.0 0.9999603676925971 -0.9999797836794241
0.9999463825022048 0.9997028571461396 0.9999671022636163 -0.9999493186160551 0.9999603676925971 1.0 -0.9999967368818895
-0.9999692541646854 -0.9996385189682108 -0.9999475300084414 0.9999673335918772 -0.9999797836794241 -0.9999967368818895 1.0