1.0 0.9709717058433522 0.9839866024944411 -0.9997793112102598 0.9999995640168652 0.9998887774219085 -0.999946034532954
0.9709717058433522 1.0 0.9975769048192974 -0.9740596453934864 0.9709243692707039 0.9739970355085187 -0.9730867489459742
0.9839866024944411 0.9975769048192974 1.0 -0.9861918741760214 0.9839362638350885 0.9861156747692407 -0.9854768539124631
-0.9997793112102598 -0.9740596453934864 -0.9861918741760214 1.0 -0.9997815084863099 -0.9999476358969052 0.9999194175903534
0.9999995640168652 0.9709243692707039 0.9839362638350885 -0.9997815084863099 1.0 0.9998900655823815 -0.999947037571753
0.9998887774219085 0.9739970355085187 0.9861156747692407 -0.9999476358969052 0.9998900655823815 1.0 -0.9999897063638266
-0.999946034532954 -0.9730867489459742 -0.9854768539124631 0.9999194175903534 -0.999947037571753 -0.9999897063638266 1.0