1.0 0.9812929126881351 0.9958360867289335 -0.9990153736249294 0.9999986791894724 0.9999066813904188 -0.999950476934146
0.9812929126881351 1.0 0.9940018522072152 -0.9886719098214526 0.9813906763799618 0.9836974159535298 -0.983043754626819
0.9958360867289335 0.9940018522072152 1.0 -0.9984788443305234 0.995873956723621 0.9968091504127355 -0.9965555818639841
-0.9990153736249294 -0.9886719098214526 -0.9984788443305234 1.0 -0.9990341852309453 -0.9994998846789483 0.9993812435613576
0.9999986791894724 0.9813906763799618 0.995873956723621 -0.9990341852309453 1.0 0.9999171198574317 -0.999958322497223
0.9999066813904188 0.9836974159535298 0.9968091504127355 -0.9994998846789483 0.9999171198574317 1.0 -0.9999929792137965
-0.999950476934146 -0.983043754626819 -0.9965555818639841 0.9993812435613576 -0.999958322497223 -0.9999929792137965 1.0