1.0 0.9961985698536 0.9994819426212244 -0.9997353027791375 0.9999982598112271 0.9998861125296775 -0.9999358164071814
0.9961985698536 1.0 0.9983248962119728 -0.997773385032292 0.9963209986180699 0.9973794148408732 -0.9971027197478743
0.9994819426212244 0.9983248962119728 1.0 -0.9998806946165397 0.9995282671631834 0.9998370450864466 -0.9997693947571938
-0.9997353027791375 -0.997773385032292 -0.9998806946165397 1.0 -0.9997697028339508 -0.9999470243966015 0.9999154446115163
0.9999982598112271 0.9963209986180699 0.9995282671631834 -0.9997697028339508 1.0 0.9999082243378832 -0.9999522658379842
0.9998861125296775 0.9973794148408732 0.9998370450864466 -0.9999470243966015 0.9999082243378832 1.0 -0.9999928447537286
-0.9999358164071814 -0.9971027197478743 -0.9997693947571938 0.9999154446115163 -0.9999522658379842 -0.9999928447537286 1.0