1.0 0.9764945563269483 0.9971837230870155 -0.9997275986984291 0.9999986144189267 0.9998667659105782 -0.9999269876826552
0.9764945563269483 1.0 0.9893158363661662 -0.979595267192381 0.9768071435620252 0.9796325211097944 -0.9788455833077027
0.9971837230870155 0.9893158363661662 1.0 -0.9983582805698367 0.9972959901075434 0.9982498174008716 -0.9979996795600298
-0.9997275986984291 -0.979595267192381 -0.9983582805698367 1.0 -0.9997586216303507 -0.9999330698480728 0.9999048342358935
0.9999986144189267 0.9768071435620252 0.9972959901075434 -0.9997586216303507 1.0 0.9998915556208088 -0.9999449821015464
0.9998667659105782 0.9796325211097944 0.9982498174008716 -0.9999330698480728 0.9998915556208088 1.0 -0.9999909975397803
-0.9999269876826552 -0.9788455833077027 -0.9979996795600298 0.9999048342358935 -0.9999449821015464 -0.9999909975397803 1.0