1.0 0.9913112718852762 0.9960825508727024 -0.9994210290797924 0.9999988385773481 0.9998910302486171 -0.9999422672224575
0.9913112718852762 1.0 0.9988540931954203 -0.994284267037926 0.9914567031489675 0.9930210854309187 -0.9925776088259735
0.9960825508727024 0.9988540931954203 1.0 -0.9980941731777213 0.9961699504156438 0.9971958500315057 -0.9969098613719399
-0.9994210290797924 -0.994284267037926 -0.9980941731777213 1.0 -0.9994436621724667 -0.9997510291228945 0.999676029956904
0.9999988385773481 0.9914567031489675 0.9961699504156438 -0.9994436621724667 1.0 0.9999075849989085 -0.9999543610199693
0.9998910302486171 0.9930210854309187 0.9971958500315057 -0.9997510291228945 0.9999075849989085 1.0 -0.9999918060112977
-0.9999422672224575 -0.9925776088259735 -0.9969098613719399 0.999676029956904 -0.9999543610199693 -0.9999918060112977 1.0