1.0 0.9971316047471226 0.9994790137261791 -0.9996976325429211 0.999999295616652 0.9999161759861656 -0.9999558239208173
0.9971316047471226 1.0 0.9989328273698104 -0.9984506447559602 0.9971644202865545 0.9979915672840833 -0.9977754501415742
0.9994790137261791 0.9989328273698104 1.0 -0.9999002752905783 0.9994865815113089 0.9998012015706212 -0.9997286724225325
-0.9996976325429211 -0.9984506447559602 -0.9999002752905783 1.0 -0.9996991897742286 -0.9999119869789396 0.9998671735079365
0.999999295616652 0.9971644202865545 0.9994865815113089 -0.9996991897742286 1.0 0.999920068214115 -0.9999588842273058
0.9999161759861656 0.9979915672840833 0.9998012015706212 -0.9999119869789396 0.999920068214115 1.0 -0.9999935770578068
-0.9999558239208173 -0.9977754501415742 -0.9997286724225325 0.9998671735079365 -0.9999588842273058 -0.9999935770578068 1.0