1.0 0.9975722874901202 0.9994614176982358 -0.999733390416164 0.9999995696111338 0.9999189855187284 -0.9999578962981155
0.9975722874901202 1.0 0.9992757625368298 -0.9988394743247424 0.9976019003976021 0.9983436715437375 -0.9981432554728052
0.9994614176982358 0.9992757625368298 1.0 -0.9998867875723907 0.9994715296945494 0.9997593748355899 -0.9996912089094441
-0.999733390416164 -0.9988394743247424 -0.9998867875723907 1.0 -0.9997428618797347 -0.999936851885229 0.9998956275885924
0.9999995696111338 0.9976019003976021 0.9994715296945494 -0.9997428618797347 1.0 0.9999251887623928 -0.9999624156606483
0.9999189855187284 0.9983436715437375 0.9997593748355899 -0.999936851885229 0.9999251887623928 1.0 -0.9999936378778775
-0.9999578962981155 -0.9981432554728052 -0.9996912089094441 0.9998956275885924 -0.9999624156606483 -0.9999936378778775 1.0