1.0 0.994869045736735 0.9975657754304678 -0.9993570835346068 0.9999988244693148 0.9998712289569341 -0.9999358229436615
0.994869045736735 1.0 0.9993929053062003 -0.9975676217354346 0.9948113215690223 0.9963106437405669 -0.9959147114985327
0.9975657754304678 0.9993929053062003 1.0 -0.9992210169786137 0.997524743980274 0.9985122138188294 -0.998260825104062
-0.9993570835346068 -0.9975676217354346 -0.9992210169786137 1.0 -0.9993228204618827 -0.999774264730385 0.9996720983887866
0.9999988244693148 0.9948113215690223 0.997524743980274 -0.9993228204618827 1.0 0.9998597724857564 -0.9999282516955683
0.9998712289569341 0.9963106437405669 0.9985122138188294 -0.999774264730385 0.9998597724857564 1.0 -0.9999885809340888
-0.9999358229436615 -0.9959147114985327 -0.998260825104062 0.9996720983887866 -0.9999282516955683 -0.9999885809340888 1.0