1.0 0.978571817055253 0.998713371465294 -0.9995976666247253 0.999996296168786 0.9997970135164408 -0.9998867416408118
0.978571817055253 1.0 0.9873667902047318 -0.9837840834436721 0.9790202092557789 0.9822865876342936 -0.981373575443603
0.998713371465294 0.9873667902047318 1.0 -0.9996708918433055 0.9988060515331171 0.999374520715749 -0.9992425036388275
-0.9995976666247253 -0.9837840834436721 -0.9996708918433055 1.0 -0.9996512462828295 -0.9999123858874258 0.9998687478686734
0.999996296168786 0.9790202092557789 0.9988060515331171 -0.9996512462828295 1.0 0.9998435664119448 -0.9999209284694925
0.9997970135164408 0.9822865876342936 0.999374520715749 -0.9999123858874258 0.9998435664119448 1.0 -0.9999869227443677
-0.9998867416408118 -0.981373575443603 -0.9992425036388275 0.9998687478686734 -0.9999209284694925 -0.9999869227443677 1.0