1.0 0.9994465639819836 0.9997224891535205 -0.999615950710592 0.9999991253017948 0.99994776598458 -0.9999727918792161
0.9994465639819836 1.0 0.9998940806443175 -0.9999370203652737 0.9994521881797279 0.9997307417528668 -0.9996614147392994
0.9997224891535205 0.9998940806443175 1.0 -0.999911114338663 0.9997203626808879 0.9998870278064877 -0.999849498672382
-0.999615950710592 -0.9999370203652737 -0.999911114338663 1.0 -0.9996183919397627 -0.9998376327567404 0.999784136065672
0.9999991253017948 0.9994521881797279 0.9997203626808879 -0.9996183919397627 1.0 0.9999492547047159 -0.9999742517451472
0.99994776598458 0.9997307417528668 0.9998870278064877 -0.9998376327567404 0.9999492547047159 1.0 -0.9999957688342658
-0.9999727918792161 -0.9996614147392994 -0.999849498672382 0.999784136065672 -0.9999742517451472 -0.9999957688342658 1.0