1.0 0.9927768791074718 0.9973648916728752 -0.9997032006497543 0.9999987516006157 0.9999108275413883 -0.9999516321618163
0.9927768791074718 1.0 0.9988219827093645 -0.9949506779006787 0.9928757559383975 0.9941791083096533 -0.9938186624721383
0.9973648916728752 0.9988219827093645 1.0 -0.9984925154544986 0.9974168419823896 0.9981381172880266 -0.9979455707015267
-0.9997032006497543 -0.9949506779006787 -0.9984925154544986 1.0 -0.9997214196242914 -0.9999141886681607 0.999872807154424
0.9999987516006157 0.9928757559383975 0.9974168419823896 -0.9997214196242914 1.0 0.9999246098746254 -0.9999618610163108
0.9999108275413883 0.9941791083096533 0.9981381172880266 -0.9999141886681607 0.9999246098746254 1.0 -0.9999936925516252
-0.9999516321618163 -0.9938186624721383 -0.9979455707015267 0.999872807154424 -0.9999618610163108 -0.9999936925516252 1.0