1.0 0.999370570261642 0.9997092561789291 -0.9997145372665411 0.9999991805477536 0.9999575345653212 -0.9999782577417753
0.999370570261642 1.0 0.9998747254629808 -0.9998088562622173 0.99936821525973 0.9996367287304282 -0.9995696528847208
0.9997092561789291 0.9998747254629808 1.0 -0.999892505505834 0.999698757202792 0.9998618983495406 -0.9998238561906737
-0.9997145372665411 -0.9998088562622173 -0.999892505505834 1.0 -0.9997134078144329 -0.999877575397652 0.9998391814384678
0.9999991805477536 0.99936821525973 0.999698757202792 -0.9997134078144329 1.0 0.9999566019505799 -0.9999779116939093
0.9999575345653212 0.9996367287304282 0.9998618983495406 -0.999877575397652 0.9999566019505799 1.0 -0.9999964185668877
-0.9999782577417753 -0.9995696528847208 -0.9998238561906737 0.9998391814384678 -0.9999779116939093 -0.9999964185668877 1.0