1.0 0.9891291198938893 0.9993590998506312 -0.9998900577572993 0.9999965677894307 0.9998625903011409 -0.9999218961113466
0.9891291198938893 1.0 0.9935178348408477 -0.9889164046426376 0.9894597712350145 0.9913466554559561 -0.990820487064149
0.9993590998506312 0.9935178348408477 1.0 -0.9992419760673367 0.9994225415251029 0.9997334860496723 -0.9996635496107866
-0.9998900577572993 -0.9889164046426376 -0.9992419760673367 1.0 -0.9998843111946204 -0.9997723661625767 0.9998256012742787
0.9999965677894307 0.9894597712350145 0.9994225415251029 -0.9998843111946204 1.0 0.9998997380766752 -0.9999493109807543
0.9998625903011409 0.9913466554559561 0.9997334860496723 -0.9997723661625767 0.9998997380766752 1.0 -0.9999916221484142
-0.9999218961113466 -0.990820487064149 -0.9996635496107866 0.9998256012742787 -0.9999493109807543 -0.9999916221484142 1.0