1.0 0.9850954834232754 0.9960901566259904 -0.9989061236847223 0.9999976643278178 0.9996986048964173 -0.9998914459085481
0.9850954834232754 1.0 0.9955025705828882 -0.989575666221998 0.98521215195326 0.9883698393631386 -0.9871277897005326
0.9960901566259904 0.9955025705828882 1.0 -0.9980158869482851 0.9961239417049707 0.997523674071335 -0.9970296846809352
-0.9989061236847223 -0.989575666221998 -0.9980158869482851 1.0 -0.9989085037886074 -0.9994315161915595 0.9993734550198572
0.9999976643278178 0.98521215195326 0.9961239417049707 -0.9989085037886074 1.0 0.9997153157163473 -0.9999023097433041
0.9996986048964173 0.9883698393631386 0.997523674071335 -0.9994315161915595 0.9997153157163473 1.0 -0.9999175701153671
-0.9998914459085481 -0.9871277897005326 -0.9970296846809352 0.9993734550198572 -0.9999023097433041 -0.9999175701153671 1.0