1.0 0.8907291853280906 0.976919443238418 -0.9987862082394569 0.9999993394850323 0.9997656981188144 -0.9998853917164856
0.8907291853280906 1.0 0.9655605652051492 -0.9097071280609142 0.8910501959333088 0.8997091977125778 -0.8970368347553614
0.976919443238418 0.9655605652051492 1.0 -0.9856577767179225 0.9770519423182382 0.9810016047586374 -0.9798115439048851
-0.9987862082394569 -0.9097071280609142 -0.9856577767179225 1.0 -0.9988155321904674 -0.9995611813218205 0.9993753039303344
0.9999993394850323 0.8910501959333088 0.9770519423182382 -0.9988155321904674 1.0 0.9997827161501067 -0.9998973022696437
0.9997656981188144 0.8997091977125778 0.9810016047586374 -0.9995611813218205 0.9997827161501067 1.0 -0.9999787701865911
-0.9998853917164856 -0.8970368347553614 -0.9798115439048851 0.9993753039303344 -0.9998973022696437 -0.9999787701865911 1.0