1.0 -0.994772501811665 -0.994772501811665 0.994801689854184 0.9998672969591875 -0.994772501811665 0.9792209935636934
-0.994772501811665 1.0 1.0 -0.9999277880031341 -0.9945081429863334 1.0 -0.994729111577886
-0.994772501811665 1.0 1.0 -0.9999277880031341 -0.9945081429863334 1.0 -0.994729111577886
0.994801689854184 -0.9999277880031341 -0.9999277880031341 1.0 0.9946763484567199 -0.9999277880031341 0.994357101573961
0.9998672969591875 -0.9945081429863334 -0.9945081429863334 0.9946763484567199 1.0 -0.9945081429863334 0.9785703327517407
-0.994772501811665 1.0 1.0 -0.9999277880031341 -0.9945081429863334 1.0 -0.994729111577886
0.9792209935636934 -0.994729111577886 -0.994729111577886 0.994357101573961 0.9785703327517407 -0.994729111577886 1.0