1.0 -0.9953667053269387 -0.9953667053269387 0.9956251275407195 0.9998755144913282 -0.9953667053269387 0.9819773618927073
-0.9953667053269387 1.0 1.0 -0.9999163453363035 -0.9946580534379287 1.0 -0.9955288145141916
-0.9953667053269387 1.0 1.0 -0.9999163453363035 -0.9946580534379287 1.0 -0.9955288145141916
0.9956251275407195 -0.9999163453363035 -0.9999163453363035 1.0 0.9950540504333268 -0.9999163453363035 0.9949182093101672
0.9998755144913282 -0.9946580534379287 -0.9946580534379287 0.9950540504333268 1.0 -0.9946580534379287 0.9805122347445006
-0.9953667053269387 1.0 1.0 -0.9999163453363035 -0.9946580534379287 1.0 -0.9955288145141916
0.9819773618927073 -0.9955288145141916 -0.9955288145141916 0.9949182093101672 0.9805122347445006 -0.9955288145141916 1.0