1.0 -0.9954959072454476 -0.9954959072454476 0.9953624153831959 0.9998616139227329 -0.9954959072454476 0.9815432437203994
-0.9954959072454476 1.0 1.0 -0.9999426997144939 -0.995605626858218 1.0 -0.9951713752209115
-0.9954959072454476 1.0 1.0 -0.9999426997144939 -0.995605626858218 1.0 -0.9951713752209115
0.9953624153831959 -0.9999426997144939 -0.9999426997144939 1.0 0.9956067118727878 -0.9999426997144939 0.9950163584960174
0.9998616139227329 -0.995605626858218 -0.995605626858218 0.9956067118727878 1.0 -0.995605626858218 0.9816262105390212
-0.9954959072454476 1.0 1.0 -0.9999426997144939 -0.995605626858218 1.0 -0.9951713752209115
0.9815432437203994 -0.9951713752209115 -0.9951713752209115 0.9950163584960174 0.9816262105390212 -0.9951713752209115 1.0