1.0 -0.9998588110052294 -0.9998588110052294 0.9998479590475172 0.9999844794173782 -0.9998588110052294 0.9996630496254264
-0.9998588110052294 1.0 1.0 -0.9999968754165073 -0.9998545835865729 1.0 -0.9999564151661298
-0.9998588110052294 1.0 1.0 -0.9999968754165073 -0.9998545835865729 1.0 -0.9999564151661298
0.9998479590475172 -0.9999968754165073 -0.9999968754165073 1.0 0.9998564587692103 -0.9999968754165073 0.9999521793317991
0.9999844794173782 -0.9998545835865729 -0.9998545835865729 0.9998564587692103 1.0 -0.9998545835865729 0.9996527502330794
-0.9998588110052294 1.0 1.0 -0.9999968754165073 -0.9998545835865729 1.0 -0.9999564151661298
0.9996630496254264 -0.9999564151661298 -0.9999564151661298 0.9999521793317991 0.9996527502330794 -0.9999564151661298 1.0