1.0 -0.9998778589175682 -0.9998778589175682 0.9998685048600799 0.9999865130103279 -0.9998778589175682 0.9996874314141957
-0.9998778589175682 1.0 1.0 -0.9999975377127612 -0.9998756250422774 1.0 -0.9999540734174646
-0.9998778589175682 1.0 1.0 -0.9999975377127612 -0.9998756250422774 1.0 -0.9999540734174646
0.9998685048600799 -0.9999975377127612 -0.9999975377127612 1.0 0.9998770473077007 -0.9999975377127612 0.9999503939501354
0.9999865130103279 -0.9998756250422774 -0.9998756250422774 0.9998770473077007 1.0 -0.9998756250422774 0.9996793044342969
-0.9998778589175682 1.0 1.0 -0.9999975377127612 -0.9998756250422774 1.0 -0.9999540734174646
0.9996874314141957 -0.9999540734174646 -0.9999540734174646 0.9999503939501354 0.9996793044342969 -0.9999540734174646 1.0