1.0 -0.9994086182827348 -0.9994086182827348 0.9993947767041363 0.999965420147906 -0.9994086182827348 0.9984569157330029
-0.9994086182827348 1.0 1.0 -0.999991936273437 -0.9993790267174066 1.0 -0.9997701696692591
-0.9994086182827348 1.0 1.0 -0.999991936273437 -0.9993790267174066 1.0 -0.9997701696692591
0.9993947767041363 -0.999991936273437 -0.999991936273437 1.0 0.9993949774000775 -0.999991936273437 0.9997491412323205
0.999965420147906 -0.9993790267174066 -0.9993790267174066 0.9993949774000775 1.0 -0.9993790267174066 0.998396064836906
-0.9994086182827348 1.0 1.0 -0.999991936273437 -0.9993790267174066 1.0 -0.9997701696692591
0.9984569157330029 -0.9997701696692591 -0.9997701696692591 0.9997491412323205 0.998396064836906 -0.9997701696692591 1.0