1.0 -0.9998703883604867 -0.9998703883604867 0.99986019812107 0.9999806334244074 -0.9998703883604867 0.9996753237522654
-0.9998703883604867 1.0 1.0 -0.9999959814656987 -0.999865249461224 1.0 -0.9999534317353419
-0.9998703883604867 1.0 1.0 -0.9999959814656987 -0.999865249461224 1.0 -0.9999534317353419
0.99986019812107 -0.9999959814656987 -0.9999959814656987 1.0 0.9998709756231786 -0.9999959814656987 0.9999451781779789
0.9999806334244074 -0.999865249461224 -0.999865249461224 0.9998709756231786 1.0 -0.999865249461224 0.9996619811647898
-0.9998703883604867 1.0 1.0 -0.9999959814656987 -0.999865249461224 1.0 -0.9999534317353419
0.9996753237522654 -0.9999534317353419 -0.9999534317353419 0.9999451781779789 0.9996619811647898 -0.9999534317353419 1.0