1.0 -0.9998965522461283 -0.9998965522461283 0.9998884991032663 0.9999824904600549 -0.9998965522461283 0.9997462531203248
-0.9998965522461283 1.0 1.0 -0.9999963037112497 -0.9998947171861627 1.0 -0.9999636902840441
-0.9998965522461283 1.0 1.0 -0.9999963037112497 -0.9998947171861627 1.0 -0.9999636902840441
0.9998884991032663 -0.9999963037112497 -0.9999963037112497 1.0 0.9999017699982989 -0.9999963037112497 0.9999542044559335
0.9999824904600549 -0.9998947171861627 -0.9998947171861627 0.9999017699982989 1.0 -0.9998947171861627 0.9997354769071466
-0.9998965522461283 1.0 1.0 -0.9999963037112497 -0.9998947171861627 1.0 -0.9999636902840441
0.9997462531203248 -0.9999636902840441 -0.9999636902840441 0.9999542044559335 0.9997354769071466 -0.9999636902840441 1.0