1.0 -0.9999081334276757 -0.9999081334276757 0.9999018432551916 0.9999792397731635 -0.9999081334276757 0.9997732694264542
-0.9999081334276757 1.0 1.0 -0.9999973744782716 -0.9999041611517199 1.0 -0.9999673058435384
-0.9999081334276757 1.0 1.0 -0.9999973744782716 -0.9999041611517199 1.0 -0.9999673058435384
0.9999018432551916 -0.9999973744782716 -0.9999973744782716 1.0 0.9999115094194018 -0.9999973744782716 0.9999603395047449
0.9999792397731635 -0.9999041611517199 -0.9999041611517199 0.9999115094194018 1.0 -0.9999041611517199 0.9997605107373764
-0.9999081334276757 1.0 1.0 -0.9999973744782716 -0.9999041611517199 1.0 -0.9999673058435384
0.9997732694264542 -0.9999673058435384 -0.9999673058435384 0.9999603395047449 0.9997605107373764 -0.9999673058435384 1.0