1.0 -0.9998697645542095 -0.9998697645542095 0.9998698268844025 0.9999899316396633 -0.9998697645542095 0.9996574591366333
-0.9998697645542095 1.0 1.0 -0.9999976865847515 -0.9998620763276368 1.0 -0.9999479712952691
-0.9998697645542095 1.0 1.0 -0.9999976865847515 -0.9998620763276368 1.0 -0.9999479712952691
0.9998698268844025 -0.9999976865847515 -0.9999976865847515 1.0 0.9998704646640451 -0.9999976865847515 0.9999393755338069
0.9999899316396633 -0.9998620763276368 -0.9998620763276368 0.9998704646640451 1.0 -0.9998620763276368 0.9996413789378293
-0.9998697645542095 1.0 1.0 -0.9999976865847515 -0.9998620763276368 1.0 -0.9999479712952691
0.9996574591366333 -0.9999479712952691 -0.9999479712952691 0.9999393755338069 0.9996413789378293 -0.9999479712952691 1.0