1.0 -0.9998745624198956 -0.9998745624198956 0.9998661217950713 0.9999838158585702 -0.9998745624198956 0.9996775797027194
-0.9998745624198956 1.0 1.0 -0.9999979731723395 -0.9998892491059503 1.0 -0.9999522954401058
-0.9998745624198956 1.0 1.0 -0.9999979731723395 -0.9998892491059503 1.0 -0.9999522954401058
0.9998661217950713 -0.9999979731723395 -0.9999979731723395 1.0 0.9998910669227874 -0.9999979731723395 0.9999493335842152
0.9999838158585702 -0.9998892491059503 -0.9998892491059503 0.9998910669227874 1.0 -0.9998892491059503 0.9996973195544346
-0.9998745624198956 1.0 1.0 -0.9999979731723395 -0.9998892491059503 1.0 -0.9999522954401058
0.9996775797027194 -0.9999522954401058 -0.9999522954401058 0.9999493335842152 0.9996973195544346 -0.9999522954401058 1.0