1.0 -0.999819537765145 -0.999819537765145 0.9998227224869338 0.9999864874181609 -0.999819537765145 0.9995431537515208
-0.999819537765145 1.0 1.0 -0.9999975459806006 -0.9998038722134001 1.0 -0.9999350972721854
-0.999819537765145 1.0 1.0 -0.9999975459806006 -0.9998038722134001 1.0 -0.9999350972721854
0.9998227224869338 -0.9999975459806006 -0.9999975459806006 1.0 0.9998174965715237 -0.9999975459806006 0.9999242977523415
0.9999864874181609 -0.9998038722134001 -0.9998038722134001 0.9998174965715237 1.0 -0.9998038722134001 0.9995142671378008
-0.999819537765145 1.0 1.0 -0.9999975459806006 -0.9998038722134001 1.0 -0.9999350972721854
0.9995431537515208 -0.9999350972721854 -0.9999350972721854 0.9999242977523415 0.9995142671378008 -0.9999350972721854 1.0