1.0 -0.9997171433500073 -0.9997171433500073 0.9997521872347498 0.9999897250066087 -0.9997171433500073 0.9992455717401021
-0.9997171433500073 1.0 1.0 -0.9999955024708368 -0.9997327616606884 1.0 -0.9998850458682037
-0.9997171433500073 1.0 1.0 -0.9999955024708368 -0.9997327616606884 1.0 -0.9998850458682037
0.9997521872347498 -0.9999955024708368 -0.9999955024708368 1.0 0.9997723532928804 -0.9999955024708368 0.9998509903547087
0.9999897250066087 -0.9997327616606884 -0.9997327616606884 0.9997723532928804 1.0 -0.9997327616606884 0.9992687616223704
-0.9997171433500073 1.0 1.0 -0.9999955024708368 -0.9997327616606884 1.0 -0.9998850458682037
0.9992455717401021 -0.9998850458682037 -0.9998850458682037 0.9998509903547087 0.9992687616223704 -0.9998850458682037 1.0