1.0 -0.9999356333202198 -0.9999356333202198 0.9999287379802773 0.999989021855618 -0.9999356333202198 0.9998423914693401
-0.9999356333202198 1.0 1.0 -0.9999977593670258 -0.9999291856947956 1.0 -0.9999778609579778
-0.9999356333202198 1.0 1.0 -0.9999977593670258 -0.9999291856947956 1.0 -0.9999778609579778
0.9999287379802773 -0.9999977593670258 -0.9999977593670258 1.0 0.9999307751661585 -0.9999977593670258 0.9999737822299686
0.999989021855618 -0.9999291856947956 -0.9999291856947956 0.9999307751661585 1.0 -0.9999291856947956 0.9998291900918106
-0.9999356333202198 1.0 1.0 -0.9999977593670258 -0.9999291856947956 1.0 -0.9999778609579778
0.9998423914693401 -0.9999778609579778 -0.9999778609579778 0.9999737822299686 0.9998291900918106 -0.9999778609579778 1.0