1.0 -0.9998480400836175 -0.9998480400836175 0.9998385798661495 0.9999861308329806 -0.9998480400836175 0.9996232351149773
-0.9998480400836175 1.0 1.0 -0.9999966077179482 -0.9998384875937144 1.0 -0.9999470490983351
-0.9998480400836175 1.0 1.0 -0.9999966077179482 -0.9998384875937144 1.0 -0.9999470490983351
0.9998385798661495 -0.9999966077179482 -0.9999966077179482 1.0 0.9998412504970554 -0.9999966077179482 0.9999399574775218
0.9999861308329806 -0.9998384875937144 -0.9998384875937144 0.9998412504970554 1.0 -0.9998384875937144 0.999601173314544
-0.9998480400836175 1.0 1.0 -0.9999966077179482 -0.9998384875937144 1.0 -0.9999470490983351
0.9996232351149773 -0.9999470490983351 -0.9999470490983351 0.9999399574775218 0.999601173314544 -0.9999470490983351 1.0