1.0 -0.9999328446960882 -0.9999328446960882 0.999931759037216 0.9999921717355188 -0.9999328446960882 0.9998228830776916
-0.9999328446960882 1.0 1.0 -0.999998526969793 -0.9999258497768654 1.0 -0.9999728274161274
-0.9999328446960882 1.0 1.0 -0.999998526969793 -0.9999258497768654 1.0 -0.9999728274161274
0.999931759037216 -0.999998526969793 -0.999998526969793 1.0 0.9999306705794796 -0.999998526969793 0.9999682711885222
0.9999921717355188 -0.9999258497768654 -0.9999258497768654 0.9999306705794796 1.0 -0.9999258497768654 0.9998095438821054
-0.9999328446960882 1.0 1.0 -0.999998526969793 -0.9999258497768654 1.0 -0.9999728274161274
0.9998228830776916 -0.9999728274161274 -0.9999728274161274 0.9999682711885222 0.9998095438821054 -0.9999728274161274 1.0