1.0 -0.9999143553575144 -0.9999143553575144 0.9999138094905841 0.9999843030092993 -0.9999143553575144 0.9997799304874992
-0.9999143553575144 1.0 1.0 -0.9999952477900718 -0.9998954325833979 1.0 -0.9999662055008026
-0.9999143553575144 1.0 1.0 -0.9999952477900718 -0.9998954325833979 1.0 -0.9999662055008026
0.9999138094905841 -0.9999952477900718 -0.9999952477900718 1.0 0.999911436334766 -0.9999952477900718 0.9999502072971644
0.9999843030092993 -0.9998954325833979 -0.9998954325833979 0.999911436334766 1.0 -0.9998954325833979 0.9997433540208747
-0.9999143553575144 1.0 1.0 -0.9999952477900718 -0.9998954325833979 1.0 -0.9999662055008026
0.9997799304874992 -0.9999662055008026 -0.9999662055008026 0.9999502072971644 0.9997433540208747 -0.9999662055008026 1.0