1.0 -0.9999333375732826 -0.9999333375732826 0.9999341900394432 0.9999952591703718 -0.9999333375732826 0.9998173373928163
-0.9999333375732826 1.0 1.0 -0.9999989038580369 -0.9999216495387087 1.0 -0.9999706996568625
-0.9999333375732826 1.0 1.0 -0.9999989038580369 -0.9999216495387087 1.0 -0.9999706996568625
0.9999341900394432 -0.9999989038580369 -0.9999989038580369 1.0 0.9999253936897877 -0.9999989038580369 0.9999664965691417
0.9999952591703718 -0.9999216495387087 -0.9999216495387087 0.9999253936897877 1.0 -0.9999216495387087 0.9997970754445945
-0.9999333375732826 1.0 1.0 -0.9999989038580369 -0.9999216495387087 1.0 -0.9999706996568625
0.9998173373928163 -0.9999706996568625 -0.9999706996568625 0.9999664965691417 0.9997970754445945 -0.9999706996568625 1.0