1.0 -0.9998563115621898 -0.9998563115621898 0.9998485084759201 0.9999824964040147 -0.9998563115621898 0.9996274232595526
-0.9998563115621898 1.0 1.0 -0.9999943144067261 -0.9998463818427306 1.0 -0.9999428618876773
-0.9998563115621898 1.0 1.0 -0.9999943144067261 -0.9998463818427306 1.0 -0.9999428618876773
0.9998485084759201 -0.9999943144067261 -0.9999943144067261 1.0 0.9998571581640134 -0.9999943144067261 0.9999274325317034
0.9999824964040147 -0.9998463818427306 -0.9998463818427306 0.9998571581640134 1.0 -0.9998463818427306 0.9996025259706732
-0.9998563115621898 1.0 1.0 -0.9999943144067261 -0.9998463818427306 1.0 -0.9999428618876773
0.9996274232595526 -0.9999428618876773 -0.9999428618876773 0.9999274325317034 0.9996025259706732 -0.9999428618876773 1.0