1.0 -0.9997296647234412 -0.9997296647234412 0.9997212896530403 0.9999821493794788 -0.9997296647234412 0.9992670516666455
-0.9997296647234412 1.0 1.0 -0.9999960808009042 -0.9997045900959806 1.0 -0.9998837795942586
-0.9997296647234412 1.0 1.0 -0.9999960808009042 -0.9997045900959806 1.0 -0.9998837795942586
0.9997212896530403 -0.9999960808009042 -0.9999960808009042 1.0 0.9997105558213105 -0.9999960808009042 0.9998740012541841
0.9999821493794788 -0.9997045900959806 -0.9997045900959806 0.9997105558213105 1.0 -0.9997045900959806 0.9992196668245555
-0.9997296647234412 1.0 1.0 -0.9999960808009042 -0.9997045900959806 1.0 -0.9998837795942586
0.9992670516666455 -0.9998837795942586 -0.9998837795942586 0.9998740012541841 0.9992196668245555 -0.9998837795942586 1.0