1.0 -0.999890122901878 -0.999890122901878 0.9998863265414817 0.9999863204094435 -0.999890122901878 0.9997008960622178
-0.999890122901878 1.0 1.0 -0.9999981001152274 -0.9998806913069521 1.0 -0.9999511628752228
-0.999890122901878 1.0 1.0 -0.9999981001152274 -0.9998806913069521 1.0 -0.9999511628752228
0.9998863265414817 -0.9999981001152274 -0.9999981001152274 1.0 0.9998859230035035 -0.9999981001152274 0.9999454360198475
0.9999863204094435 -0.9998806913069521 -0.9998806913069521 0.9998859230035035 1.0 -0.9998806913069521 0.9996799460019984
-0.999890122901878 1.0 1.0 -0.9999981001152274 -0.9998806913069521 1.0 -0.9999511628752228
0.9997008960622178 -0.9999511628752228 -0.9999511628752228 0.9999454360198475 0.9996799460019984 -0.9999511628752228 1.0