1.0 -0.9998607003376256 -0.9998607003376256 0.9998426536931951 0.9999846542576478 -0.9998607003376256 0.9996609054436425
-0.9998607003376256 1.0 1.0 -0.9999964019977982 -0.9998877203219069 1.0 -0.9999541212248314
-0.9998607003376256 1.0 1.0 -0.9999964019977982 -0.9998877203219069 1.0 -0.9999541212248314
0.9998426536931951 -0.9999964019977982 -0.9999964019977982 1.0 0.9998832733349284 -0.9999964019977982 0.999952101434543
0.9999846542576478 -0.9998877203219069 -0.9998877203219069 0.9998832733349284 1.0 -0.9998877203219069 0.9996992158501535
-0.9998607003376256 1.0 1.0 -0.9999964019977982 -0.9998877203219069 1.0 -0.9999541212248314
0.9996609054436425 -0.9999541212248314 -0.9999541212248314 0.999952101434543 0.9996992158501535 -0.9999541212248314 1.0