1.0 -0.9999396299305723 -0.9999396299305723 0.9999374658167646 0.9999892719271789 -0.9999396299305723 0.9998436272871942
-0.9999396299305723 1.0 1.0 -0.9999982884871891 -0.999936785597898 1.0 -0.999976278165988
-0.9999396299305723 1.0 1.0 -0.9999982884871891 -0.999936785597898 1.0 -0.999976278165988
0.9999374658167646 -0.9999982884871891 -0.9999982884871891 1.0 0.9999407024492655 -0.9999982884871891 0.9999715694437654
0.9999892719271789 -0.999936785597898 -0.999936785597898 0.9999407024492655 1.0 -0.999936785597898 0.9998370260896073
-0.9999396299305723 1.0 1.0 -0.9999982884871891 -0.999936785597898 1.0 -0.999976278165988
0.9998436272871942 -0.999976278165988 -0.999976278165988 0.9999715694437654 0.9998370260896073 -0.999976278165988 1.0