1.0 -0.9998162467799726 -0.9998162467799726 0.9998138856097646 0.999985822885195 -0.9998162467799726 0.9995265352905064
-0.9998162467799726 1.0 1.0 -0.9999966739268742 -0.9998129051723705 1.0 -0.9999303401088102
-0.9998162467799726 1.0 1.0 -0.9999966739268742 -0.9998129051723705 1.0 -0.9999303401088102
0.9998138856097646 -0.9999966739268742 -0.9999966739268742 1.0 0.9998226398706673 -0.9999966739268742 0.999919704747933
0.999985822885195 -0.9998129051723705 -0.9998129051723705 0.9998226398706673 1.0 -0.9998129051723705 0.9995160627607633
-0.9998162467799726 1.0 1.0 -0.9999966739268742 -0.9998129051723705 1.0 -0.9999303401088102
0.9995265352905064 -0.9999303401088102 -0.9999303401088102 0.999919704747933 0.9995160627607633 -0.9999303401088102 1.0