1.0 -0.9998391431104572 -0.9998391431104572 0.9998317596674596 0.9999913265884969 -0.9998391431104572 0.9995994323039125
-0.9998391431104572 1.0 1.0 -0.9999976406845577 -0.999842899684097 1.0 -0.9999447904571839
-0.9998391431104572 1.0 1.0 -0.9999976406845577 -0.999842899684097 1.0 -0.9999447904571839
0.9998317596674596 -0.9999976406845577 -0.9999976406845577 1.0 0.9998433149311768 -0.9999976406845577 0.9999411000563958
0.9999913265884969 -0.999842899684097 -0.999842899684097 0.9998433149311768 1.0 -0.999842899684097 0.999601959699148
-0.9998391431104572 1.0 1.0 -0.9999976406845577 -0.999842899684097 1.0 -0.9999447904571839
0.9995994323039125 -0.9999447904571839 -0.9999447904571839 0.9999411000563958 0.999601959699148 -0.9999447904571839 1.0