1.0 -0.9998464789452437 -0.9998464789452437 0.9998473577832624 0.9999861467646523 -0.9998464789452437 0.9996136433702908
-0.9998464789452437 1.0 1.0 -0.9999980926221995 -0.9998363913451684 1.0 -0.9999452994408622
-0.9998464789452437 1.0 1.0 -0.9999980926221995 -0.9998363913451684 1.0 -0.9999452994408622
0.9998473577832624 -0.9999980926221995 -0.9999980926221995 1.0 0.9998462727407348 -0.9999980926221995 0.9999374249360159
0.9999861467646523 -0.9998363913451684 -0.9998363913451684 0.9998462727407348 1.0 -0.9998363913451684 0.9995932252709059
-0.9998464789452437 1.0 1.0 -0.9999980926221995 -0.9998363913451684 1.0 -0.9999452994408622
0.9996136433702908 -0.9999452994408622 -0.9999452994408622 0.9999374249360159 0.9995932252709059 -0.9999452994408622 1.0