1.0 -0.9998810159534209 -0.9998810159534209 0.9998727900225514 0.9999827002234615 -0.9998810159534209 0.9996989962060446
-0.9998810159534209 1.0 1.0 -0.9999945589509411 -0.9998803934970945 1.0 -0.999956347008267
-0.9998810159534209 1.0 1.0 -0.9999945589509411 -0.9998803934970945 1.0 -0.999956347008267
0.9998727900225514 -0.9999945589509411 -0.9999945589509411 1.0 0.9998889337260431 -0.9999945589509411 0.9999443236974919
0.9999827002234615 -0.9998803934970945 -0.9998803934970945 0.9998889337260431 1.0 -0.9998803934970945 0.9996938526964239
-0.9998810159534209 1.0 1.0 -0.9999945589509411 -0.9998803934970945 1.0 -0.999956347008267
0.9996989962060446 -0.999956347008267 -0.999956347008267 0.9999443236974919 0.9996938526964239 -0.999956347008267 1.0