1.0 -0.9999425483484777 -0.9999425483484777 0.9999332549590518 0.9999850289149976 -0.9999425483484777 0.9998530959351359
-0.9999425483484777 1.0 1.0 -0.9999967227196365 -0.9999466885168892 1.0 -0.9999765634344882
-0.9999425483484777 1.0 1.0 -0.9999967227196365 -0.9999466885168892 1.0 -0.9999765634344882
0.9999332549590518 -0.9999967227196365 -0.9999967227196365 1.0 0.9999499053756602 -0.9999967227196365 0.9999696758372851
0.9999850289149976 -0.9999466885168892 -0.9999466885168892 0.9999499053756602 1.0 -0.9999466885168892 0.9998532887767294
-0.9999425483484777 1.0 1.0 -0.9999967227196365 -0.9999466885168892 1.0 -0.9999765634344882
0.9998530959351359 -0.9999765634344882 -0.9999765634344882 0.9999696758372851 0.9998532887767294 -0.9999765634344882 1.0