1.0 -0.9998003578707865 -0.9998003578707865 0.9997890947073901 0.9999786275401062 -0.9998003578707865 0.9995222059167849
-0.9998003578707865 1.0 1.0 -0.9999970674894825 -0.999828922746026 1.0 -0.9999370823462936
-0.9998003578707865 1.0 1.0 -0.9999970674894825 -0.999828922746026 1.0 -0.9999370823462936
0.9997890947073901 -0.9999970674894825 -0.9999970674894825 1.0 0.9998303971045457 -0.9999970674894825 0.999931746389846
0.9999786275401062 -0.999828922746026 -0.999828922746026 0.9998303971045457 1.0 -0.999828922746026 0.9995599230842049
-0.9998003578707865 1.0 1.0 -0.9999970674894825 -0.999828922746026 1.0 -0.9999370823462936
0.9995222059167849 -0.9999370823462936 -0.9999370823462936 0.999931746389846 0.9995599230842049 -0.9999370823462936 1.0