1.0 -0.9998992534970933 -0.9998992534970933 0.9998890532254593 0.9999865257301319 -0.9998992534970933 0.9997582162296783
-0.9998992534970933 1.0 1.0 -0.9999975260648821 -0.9999078159266375 1.0 -0.9999679228234444
-0.9998992534970933 1.0 1.0 -0.9999975260648821 -0.9999078159266375 1.0 -0.9999679228234444
0.9998890532254593 -0.9999975260648821 -0.9999975260648821 1.0 0.9999078292815853 -0.9999975260648821 0.9999647990340362
0.9999865257301319 -0.9999078159266375 -0.9999078159266375 0.9999078292815853 1.0 -0.9999078159266375 0.9997683073186382
-0.9998992534970933 1.0 1.0 -0.9999975260648821 -0.9999078159266375 1.0 -0.9999679228234444
0.9997582162296783 -0.9999679228234444 -0.9999679228234444 0.9999647990340362 0.9997683073186382 -0.9999679228234444 1.0