1.0 -0.9999028061814429 -0.9999028061814429 0.9998956361710194 0.9999893127972039 -0.9999028061814429 0.9997533384229648
-0.9999028061814429 1.0 1.0 -0.9999968410319472 -0.9999023162969705 1.0 -0.9999640253647349
-0.9999028061814429 1.0 1.0 -0.9999968410319472 -0.9999023162969705 1.0 -0.9999640253647349
0.9998956361710194 -0.9999968410319472 -0.9999968410319472 1.0 0.9999059283356017 -0.9999968410319472 0.9999575600948463
0.9999893127972039 -0.9999023162969705 -0.9999023162969705 0.9999059283356017 1.0 -0.9999023162969705 0.9997484793954696
-0.9999028061814429 1.0 1.0 -0.9999968410319472 -0.9999023162969705 1.0 -0.9999640253647349
0.9997533384229648 -0.9999640253647349 -0.9999640253647349 0.9999575600948463 0.9997484793954696 -0.9999640253647349 1.0