1.0 -0.99992779966367 -0.99992779966367 0.9999264985268148 0.999989867314671 -0.99992779966367 0.9998164851031944
-0.99992779966367 1.0 1.0 -0.9999978922788353 -0.9999190597569663 1.0 -0.9999731333167617
-0.99992779966367 1.0 1.0 -0.9999978922788353 -0.9999190597569663 1.0 -0.9999731333167617
0.9999264985268148 -0.9999978922788353 -0.9999978922788353 1.0 0.9999255280463296 -0.9999978922788353 0.9999666148885852
0.999989867314671 -0.9999190597569663 -0.9999190597569663 0.9999255280463296 1.0 -0.9999190597569663 0.9997998590923203
-0.99992779966367 1.0 1.0 -0.9999978922788353 -0.9999190597569663 1.0 -0.9999731333167617
0.9998164851031944 -0.9999731333167617 -0.9999731333167617 0.9999666148885852 0.9997998590923203 -0.9999731333167617 1.0