1.0 -0.9997979969935344 -0.9997979969935344 0.9997815640597172 0.9999804993442579 -0.9997979969935344 0.9995015445378737
-0.9997979969935344 1.0 1.0 -0.9999951140233801 -0.9998135900216342 1.0 -0.9999287581103312
-0.9997979969935344 1.0 1.0 -0.9999951140233801 -0.9998135900216342 1.0 -0.9999287581103312
0.9997815640597172 -0.9999951140233801 -0.9999951140233801 1.0 0.9998151796275011 -0.9999951140233801 0.9999180308228169
0.9999804993442579 -0.9998135900216342 -0.9998135900216342 0.9998151796275011 1.0 -0.9998135900216342 0.9995128141621968
-0.9997979969935344 1.0 1.0 -0.9999951140233801 -0.9998135900216342 1.0 -0.9999287581103312
0.9995015445378737 -0.9999287581103312 -0.9999287581103312 0.9999180308228169 0.9995128141621968 -0.9999287581103312 1.0