1.0 -0.4756263583822662 -0.4502205593599879 0.47216650151976497 0.9997293543977431 -0.43520887431685956 -0.07292689874889402
-0.4756263583822662 1.0 0.9970026904490186 -0.9902886266438239 -0.4862286442502196 0.9926057107103785 -0.8320235683173188
-0.4502205593599879 0.9970026904490186 1.0 -0.9948964309859161 -0.4610597507921425 0.9984414073496818 -0.8538980555417114
0.47216650151976497 -0.9902886266438239 -0.9948964309859161 1.0 0.4837707218271734 -0.9969620932977196 0.8424413339660403
0.9997293543977431 -0.4862286442502196 -0.4610597507921425 0.4837707218271734 1.0 -0.44633825744089495 -0.0605921821321257
-0.43520887431685956 0.9926057107103785 0.9984414073496818 -0.9969620932977196 -0.44633825744089495 1.0 -0.8654411731149315
-0.07292689874889402 -0.8320235683173188 -0.8538980555417114 0.8424413339660403 -0.0605921821321257 -0.8654411731149315 1.0