1.0 -0.4378838307240044 -0.41365930270567547 0.427196890295165 0.9996872107758574 -0.3987797930936836 -0.060031857794928686
-0.4378838307240044 1.0 0.9973758569742044 -0.9903786118374153 -0.44919146052686393 0.9936201731842297 -0.8617921547679495
-0.41365930270567547 0.9973758569742044 1.0 -0.9948005054850149 -0.42513157193389023 0.998799541920716 -0.8805955734504962
0.427196890295165 -0.9903786118374153 -0.9948005054850149 1.0 0.4393608685898749 -0.9965087300287182 0.8741838306890218
0.9996872107758574 -0.44919146052686393 -0.42513157193389023 0.4393608685898749 1.0 -0.41037815445915915 -0.047529555208725274
-0.3987797930936836 0.9936201731842297 0.998799541920716 -0.9965087300287182 -0.41037815445915915 1.0 -0.8905994522052958
-0.060031857794928686 -0.8617921547679495 -0.8805955734504962 0.8741838306890218 -0.047529555208725274 -0.8905994522052958 1.0