1.0 -0.9996416023924889 -0.9996416023924889 0.9996560060631667 0.9999844367834176 -0.9996416023924889 0.9985039691240789
-0.9996416023924889 1.0 1.0 -0.9999866397454685 -0.9996047421022836 1.0 -0.9996024880124025
-0.9996416023924889 1.0 1.0 -0.9999866397454685 -0.9996047421022836 1.0 -0.9996024880124025
0.9996560060631667 -0.9999866397454685 -0.9999866397454685 1.0 0.999645675168298 -0.9999866397454685 0.9995338383093662
0.9999844367834176 -0.9996047421022836 -0.9996047421022836 0.999645675168298 1.0 -0.9996047421022836 0.9984154217138091
-0.9996416023924889 1.0 1.0 -0.9999866397454685 -0.9996047421022836 1.0 -0.9996024880124025
0.9985039691240789 -0.9996024880124025 -0.9996024880124025 0.9995338383093662 0.9984154217138091 -0.9996024880124025 1.0