1.0 -0.9997248213453247 -0.9997248213453247 0.9997134991035351 0.9999793061315219 -0.9997248213453247 0.9988632037295729
-0.9997248213453247 1.0 1.0 -0.999984070762719 -0.9997054123300254 1.0 -0.9996963823307209
-0.9997248213453247 1.0 1.0 -0.999984070762719 -0.9997054123300254 1.0 -0.9996963823307209
0.9997134991035351 -0.999984070762719 -0.999984070762719 1.0 0.9997284236426014 -0.999984070762719 0.9996403548040903
0.9999793061315219 -0.9997054123300254 -0.9997054123300254 0.9997284236426014 1.0 -0.9997054123300254 0.9988044729113916
-0.9997248213453247 1.0 1.0 -0.999984070762719 -0.9997054123300254 1.0 -0.9996963823307209
0.9988632037295729 -0.9996963823307209 -0.9996963823307209 0.9996403548040903 0.9988044729113916 -0.9996963823307209 1.0