1.0 -0.9442401367390456 -0.9432644558169794 0.9396446148000775 0.9988070882036234 -0.9432644558169794 0.8332934190998291
-0.9442401367390456 1.0 0.9999170678803048 -0.9993394901284072 -0.9432714319726249 0.9999170678803048 -0.9682201765390914
-0.9432644558169794 0.9999170678803048 1.0 -0.9995871840403135 -0.9422734381544093 1.0 -0.9690193426225906
0.9396446148000775 -0.9993394901284072 -0.9995871840403135 1.0 0.9392662956563629 -0.9995871840403135 0.9700615812396344
0.9988070882036234 -0.9432714319726249 -0.9422734381544093 0.9392662956563629 1.0 -0.9422734381544093 0.8307162998090339
-0.9432644558169794 0.9999170678803048 1.0 -0.9995871840403135 -0.9422734381544093 1.0 -0.9690193426225906
0.8332934190998291 -0.9682201765390914 -0.9690193426225906 0.9700615812396344 0.8307162998090339 -0.9690193426225906 1.0