1.0 -0.877920279791488 -0.875698647233319 0.8739755508841756 0.9979915155855457 -0.8746796518526063 0.6784184621077681
-0.877920279791488 1.0 0.9998346750558368 -0.9984115647982746 -0.873871661218832 0.9994824964043642 -0.9461027744366055
-0.875698647233319 0.9998346750558368 1.0 -0.9990276706605454 -0.8713829002867207 0.9998555626976652 -0.9479961858681633
0.8739755508841756 -0.9984115647982746 -0.9990276706605454 1.0 0.8701752097691868 -0.9993148717282397 0.9470113027095988
0.9979915155855457 -0.873871661218832 -0.8713829002867207 0.8701752097691868 1.0 -0.8699484455449766 0.6704205563001341
-0.8746796518526063 0.9994824964043642 0.9998555626976652 -0.9993148717282397 -0.8699484455449766 1.0 -0.9488722076317366
0.6784184621077681 -0.9461027744366055 -0.9479961858681633 0.9470113027095988 0.6704205563001341 -0.9488722076317366 1.0