1.0 -0.94091552000644 -0.9404619193395013 0.942643461169367 0.9993882264888166 -0.9404619193395013 0.6804053330417517
-0.94091552000644 1.0 0.999979939414592 -0.9994622381846598 -0.9369835108946739 0.999979939414592 -0.8877862325420663
-0.9404619193395013 0.999979939414592 1.0 -0.9995153888766789 -0.9365371372987734 1.0 -0.8883953767537003
0.942643461169367 -0.9994622381846598 -0.9995153888766789 1.0 0.9393940992890654 -0.9995153888766789 0.8830662937947307
0.9993882264888166 -0.9369835108946739 -0.9365371372987734 0.9393940992890654 1.0 -0.9365371372987734 0.6713526982542548
-0.9404619193395013 0.999979939414592 1.0 -0.9995153888766789 -0.9365371372987734 1.0 -0.8883953767537003
0.6804053330417517 -0.8877862325420663 -0.8883953767537003 0.8830662937947307 0.6713526982542548 -0.8883953767537003 1.0