1.0 -0.8524050543429825 -0.8506708815115765 0.8456604135564533 0.9983867947370035 -0.850485458054897 0.5895856842659174
-0.8524050543429825 1.0 0.9999156218977733 -0.9990237726984487 -0.838620677827202 0.9998961798349516 -0.9242794964401322
-0.8506708815115765 0.9999156218977733 1.0 -0.999229778143456 -0.8368758431430564 0.9999887201648202 -0.9255851482019298
0.8456604135564533 -0.9990237726984487 -0.999229778143456 1.0 0.8320601365994985 -0.9992691989641436 0.9269744533980597
0.9983867947370035 -0.838620677827202 -0.8368758431430564 0.8320601365994985 1.0 -0.8366681747179058 0.5679487479818744
-0.850485458054897 0.9998961798349516 0.9999887201648202 -0.9992691989641436 -0.8366681747179058 1.0 -0.9257295009203521
0.5895856842659174 -0.9242794964401322 -0.9255851482019298 0.9269744533980597 0.5679487479818744 -0.9257295009203521 1.0