1.0 -0.8876304004849048 -0.8853092389039318 0.8820444264983633 0.9979906810656348 -0.8840526360596261 0.686187475813116
-0.8876304004849048 1.0 0.9997520223170028 -0.9982014989758039 -0.8753485557114242 0.9994564985859412 -0.9428777079565238
-0.8853092389039318 0.9997520223170028 1.0 -0.9990775430691848 -0.8729084710577512 0.9998937192808893 -0.9449367763030384
0.8820444264983633 -0.9982014989758039 -0.9990775430691848 1.0 0.8695528207646381 -0.9992796960801724 0.94520466506049
0.9979906810656348 -0.8753485557114242 -0.8729084710577512 0.8695528207646381 1.0 -0.8714087202900896 0.6661043367908326
-0.8840526360596261 0.9994564985859412 0.9998937192808893 -0.9992796960801724 -0.8714087202900896 1.0 -0.9460201543741834
0.686187475813116 -0.9428777079565238 -0.9449367763030384 0.94520466506049 0.6661043367908326 -0.9460201543741834 1.0