1.0 -0.9516513199367154 -0.9490081619679492 0.9443292419715794 0.9988502841406827 -0.9490081619679492 0.8217870725013903
-0.9516513199367154 1.0 0.9998495477019819 -0.9987841880691989 -0.9466136324276414 0.9998495477019819 -0.9563029137327189
-0.9490081619679492 0.9998495477019819 1.0 -0.9993328444772414 -0.9437274217831698 1.0 -0.9588743123659391
0.9443292419715794 -0.9987841880691989 -0.9993328444772414 1.0 0.9394106944624252 -0.9993328444772414 0.9606417775407801
0.9988502841406827 -0.9466136324276414 -0.9437274217831698 0.9394106944624252 1.0 -0.9437274217831698 0.8113955307186056
-0.9490081619679492 0.9998495477019819 1.0 -0.9993328444772414 -0.9437274217831698 1.0 -0.9588743123659391
0.8217870725013903 -0.9563029137327189 -0.9588743123659391 0.9606417775407801 0.8113955307186056 -0.9588743123659391 1.0