1.0 -0.9210603379128491 -0.9189388488435999 0.9144415579870234 0.9992866983615762 -0.9183728856128631 0.6084434196864259
-0.9210603379128491 1.0 0.9998958348980299 -0.9984057206962295 -0.9169944054908626 0.9998489109347933 -0.8685885195730442
-0.9189388488435999 0.9998958348980299 1.0 -0.9989607538926171 -0.914953487812406 0.9999799068966523 -0.8711016406466554
0.9144415579870234 -0.9984057206962295 -0.9989607538926171 1.0 0.9112803827599723 -0.9990065507688611 0.8722678923520295
0.9992866983615762 -0.9169944054908626 -0.914953487812406 0.9112803827599723 1.0 -0.9143745724610464 0.5994344757588997
-0.9183728856128631 0.9998489109347933 0.9999799068966523 -0.9990065507688611 -0.9143745724610464 1.0 -0.8718355550157054
0.6084434196864259 -0.8685885195730442 -0.8711016406466554 0.8722678923520295 0.5994344757588997 -0.8718355550157054 1.0