1.0 -0.910110841471965 -0.908387707234757 0.9065803342844608 0.9985299276722789 -0.9078953734298608 0.7278448000093142
-0.910110841471965 1.0 0.99993741020032 -0.9989743382633794 -0.9068153176388231 0.9998115514339045 -0.9456159045377326
-0.908387707234757 0.99993741020032 1.0 -0.9992632741482841 -0.9051773056962438 0.9999237951703627 -0.9469498710092579
0.9065803342844608 -0.9989743382633794 -0.9992632741482841 1.0 0.9039138507175972 -0.9992775717784328 0.94597817253714
0.9985299276722789 -0.9068153176388231 -0.9051773056962438 0.9039138507175972 1.0 -0.9044922156835591 0.7212982759786073
-0.9078953734298608 0.9998115514339045 0.9999237951703627 -0.9992775717784328 -0.9044922156835591 1.0 -0.9475673388189341
0.7278448000093142 -0.9456159045377326 -0.9469498710092579 0.94597817253714 0.7212982759786073 -0.9475673388189341 1.0