1.0 -0.651757427664005 -0.3796432806503983 0.38477548743087997 0.9998008769941621 -0.06630261208931472 -0.7818456743540366
-0.651757427664005 1.0 0.8954619870707957 -0.869808298278111 -0.6463634324041536 0.671843469906175 0.19555920833574983
-0.3796432806503983 0.8954619870707957 1.0 -0.8861497950238856 -0.37371449052729083 0.8919322422973076 -0.1577194012425491
0.38477548743087997 -0.869808298278111 -0.8861497950238856 1.0 0.37465024916458217 -0.8530559888982501 0.1869492809842148
0.9998008769941621 -0.6463634324041536 -0.37371449052729083 0.37465024916458217 1.0 -0.05675669665883608 -0.78880278931633
-0.06630261208931472 0.671843469906175 0.8919322422973076 -0.8530559888982501 -0.05675669665883608 1.0 -0.5377237646547115
-0.7818456743540366 0.19555920833574983 -0.1577194012425491 0.1869492809842148 -0.78880278931633 -0.5377237646547115 1.0