1.0 -0.6204361496263588 -0.383916920047262 0.38056747662490603 0.9997730632161831 -0.1058498556241326 -0.7572815807592626
-0.6204361496263588 1.0 0.9157340949374956 -0.8940492157366058 -0.616132449954575 0.7297811835148565 0.10999467089179465
-0.383916920047262 0.9157340949374956 1.0 -0.9105523167178081 -0.3795756522918303 0.9052410043866677 -0.19421954521905654
0.38056747662490603 -0.8940492157366058 -0.9105523167178081 1.0 0.372703194866606 -0.8843000545376226 0.23173509276958676
0.9997730632161831 -0.616132449954575 -0.3795756522918303 0.372703194866606 1.0 -0.09837901118707493 -0.7628745150989449
-0.1058498556241326 0.7297811835148565 0.9052410043866677 -0.8843000545376226 -0.09837901118707493 1.0 -0.5391191829821061
-0.7572815807592626 0.10999467089179465 -0.19421954521905654 0.23173509276958676 -0.7628745150989449 -0.5391191829821061 1.0