1.0 -0.9405236782821323 -0.940126601021774 0.9381329904249359 0.9992814044848426 -0.9398126724945546 0.6860140235457295
-0.9405236782821323 1.0 0.9999924497821429 -0.9994714949666643 -0.9410692672507165 0.9999719094791012 -0.891676018178791
-0.940126601021774 0.9999924497821429 1.0 -0.999507807374162 -0.9406737693058245 0.9999886789981756 -0.8922372897277242
0.9381329904249359 -0.9994714949666643 -0.999507807374162 1.0 0.9391426962260234 -0.9995423999245276 0.8926256737952433
0.9992814044848426 -0.9410692672507165 -0.9406737693058245 0.9391426962260234 1.0 -0.9403489643708788 0.6864623216311155
-0.9398126724945546 0.9999719094791012 0.9999886789981756 -0.9995423999245276 -0.9403489643708788 1.0 -0.8926638266050422
0.6860140235457295 -0.891676018178791 -0.8922372897277242 0.8926256737952433 0.6864623216311155 -0.8926638266050422 1.0