1.0 -0.9115814405284014 -0.9077971261892261 0.9046814574838886 0.9982513336943363 -0.9068206364455264 0.7598296069895274
-0.9115814405284014 1.0 0.9994988595799472 -0.997067936033145 -0.905741490568104 0.9988538374148931 -0.9579094967624735
-0.9077971261892261 0.9994988595799472 1.0 -0.9986381644182696 -0.9012938305662352 0.9998069021737692 -0.9617666839400468
0.9046814574838886 -0.997067936033145 -0.9986381644182696 1.0 0.8978389883730122 -0.9992131213654663 0.9618270494484964
0.9982513336943363 -0.905741490568104 -0.9012938305662352 0.8978389883730122 1.0 -0.8999596597002718 0.7489677726065643
-0.9068206364455264 0.9988538374148931 0.9998069021737692 -0.9992131213654663 -0.8999596597002718 1.0 -0.9626257542817157
0.7598296069895274 -0.9579094967624735 -0.9617666839400468 0.9618270494484964 0.7489677726065643 -0.9626257542817157 1.0