1.0 -0.9278668625654607 -0.9262142514479813 0.9216253107959403 0.9989165580298673 -0.9262142514479813 0.6679302021964516
-0.9278668625654607 1.0 0.9999311331052911 -0.9992121419543796 -0.9271765942255922 0.9999311331052911 -0.896293601592652
-0.9262142514479813 0.9999311331052911 1.0 -0.999416163938803 -0.9256396641939209 1.0 -0.8981833272499483
0.9216253107959403 -0.9992121419543796 -0.999416163938803 1.0 0.9218539016231196 -0.999416163938803 0.9006453224734684
0.9989165580298673 -0.9271765942255922 -0.9256396641939209 0.9218539016231196 1.0 -0.9256396641939209 0.6654142199344824
-0.9262142514479813 0.9999311331052911 1.0 -0.999416163938803 -0.9256396641939209 1.0 -0.8981833272499483
0.6679302021964516 -0.896293601592652 -0.8981833272499483 0.9006453224734684 0.6654142199344824 -0.8981833272499483 1.0