1.0 -0.679253699999144 -0.343859516694556 -0.2800694934697393 0.9997484831015258 0.0315133844765798 -0.8055683032026142
-0.679253699999144 1.0 0.8714822707003286 -0.17096974117435612 -0.6731440274669815 0.5949702651743023 0.2558129986027851
-0.343859516694556 0.8714822707003286 1.0 -0.5241647346842961 -0.33576958983156424 0.8805376234374124 -0.17415647138717846
-0.2800694934697393 -0.17096974117435612 -0.5241647346842961 1.0 -0.2928454120544723 -0.7940202124708157 0.7495891213570086
0.9997484831015258 -0.6731440274669815 -0.33576958983156424 -0.2928454120544723 1.0 0.0442137894386323 -0.8144508288995935
0.0315133844765798 0.5949702651743023 0.8805376234374124 -0.7940202124708157 0.0442137894386323 1.0 -0.5860308546652402
-0.8055683032026142 0.2558129986027851 -0.17415647138717846 0.7495891213570086 -0.8144508288995935 -0.5860308546652402 1.0