1.0 -0.66907716314264 -0.4160844444315596 0.44714841526907323 0.9997808051712329 -0.1116850779890121 -0.7725376376082647
-0.66907716314264 1.0 0.8994008641819333 -0.8917002347220703 -0.6676550452144887 0.6783213868432492 0.21813654608634958
-0.4160844444315596 0.8994008641819333 1.0 -0.88509576047099 -0.41528657721456613 0.8848568703120245 -0.1136288987911319
0.44714841526907323 -0.8917002347220703 -0.88509576047099 1.0 0.44252945031997676 -0.8388877304268606 0.12115891915105609
0.9997808051712329 -0.6676550452144887 -0.41528657721456613 0.44252945031997676 1.0 -0.10776026436461787 -0.7758365677458582
-0.1116850779890121 0.6783213868432492 0.8848568703120245 -0.8388877304268606 -0.10776026436461787 1.0 -0.506618491309712
-0.7725376376082647 0.21813654608634958 -0.1136288987911319 0.12115891915105609 -0.7758365677458582 -0.506618491309712 1.0