1.0 -0.9315180014126223 -0.9310804874754859 0.9311373579969685 0.9990835220234681 -0.9307779083323178 0.6827143992823337
-0.9315180014126223 1.0 0.9999541449806997 -0.9993176841065454 -0.9298992865070135 0.9998817195039731 -0.9007858895973583
-0.9310804874754859 0.9999541449806997 1.0 -0.9994283384051719 -0.9293922592399108 0.9999574073067571 -0.9014644560367759
0.9311373579969685 -0.9993176841065454 -0.9994283384051719 1.0 0.9297209916423077 -0.9994211282787542 0.8991849234066931
0.9990835220234681 -0.9298992865070135 -0.9293922592399108 0.9297209916423077 1.0 -0.9290026599879081 0.6786382890552183
-0.9307779083323178 0.9998817195039731 0.9999574073067571 -0.9994211282787542 -0.9290026599879081 1.0 -0.9019828051770615
0.6827143992823337 -0.9007858895973583 -0.9014644560367759 0.8991849234066931 0.6786382890552183 -0.9019828051770615 1.0