1.0 -0.922699113850999 -0.9204969802770259 0.9167804959855088 0.9989178473644974 -0.9201384726172742 0.7327493697986261
-0.922699113850999 1.0 0.9999248303075233 -0.9989947729473764 -0.9214342772277488 0.9998574505593347 -0.9377253112611597
-0.9204969802770259 0.9999248303075233 1.0 -0.9993097462666178 -0.9192033825622912 0.9999679902486694 -0.939755274411499
0.9167804959855088 -0.9989947729473764 -0.9993097462666178 1.0 0.916103780525789 -0.9993512615349593 0.940644120278041
0.9989178473644974 -0.9214342772277488 -0.9192033825622912 0.916103780525789 1.0 -0.9188069725507929 0.729702973801332
-0.9201384726172742 0.9998574505593347 0.9999679902486694 -0.9993512615349593 -0.9188069725507929 1.0 -0.9401151392731775
0.7327493697986261 -0.9377253112611597 -0.939755274411499 0.940644120278041 0.729702973801332 -0.9401151392731775 1.0