1.0 -0.9420783958458738 -0.9414848825316299 0.9352802742931725 0.9976670824178028 -0.9414848825316299 0.8466318536131237
-0.9420783958458738 1.0 0.9999115775094924 -0.9993207603875371 -0.9529880512280763 0.9999115775094924 -0.975417235788734
-0.9414848825316299 0.9999115775094924 1.0 -0.9994372696172438 -0.9526690170455432 1.0 -0.9758254503273076
0.9352802742931725 -0.9993207603875371 -0.9994372696172438 1.0 0.947968136433806 -0.9994372696172438 0.9777362027696337
0.9976670824178028 -0.9529880512280763 -0.9526690170455432 0.947968136433806 1.0 -0.9526690170455432 0.8636269984115922
-0.9414848825316299 0.9999115775094924 1.0 -0.9994372696172438 -0.9526690170455432 1.0 -0.9758254503273076
0.8466318536131237 -0.975417235788734 -0.9758254503273076 0.9777362027696337 0.8636269984115922 -0.9758254503273076 1.0