1.0 -0.8922235277322897 -0.8886955183993741 0.8809307316572388 0.9986244845965168 -0.8876761016646654 0.7047159417479266
-0.8922235277322897 1.0 0.9997548241688586 -0.9977159055823168 -0.886159977978988 0.9994344285683961 -0.9484424874511866
-0.8886955183993741 0.9997548241688586 1.0 -0.9987823961219661 -0.882934679048575 0.9998868862884163 -0.9510122091413524
0.8809307316572388 -0.9977159055823168 -0.9987823961219661 1.0 0.8758605105969327 -0.999218552883021 0.9537117685955124
0.9986244845965168 -0.886159977978988 -0.882934679048575 0.8758605105969327 1.0 -0.8818703802102198 0.6949982545679373
-0.8876761016646654 0.9994344285683961 0.9998868862884163 -0.999218552883021 -0.8818703802102198 1.0 -0.951707971858327
0.7047159417479266 -0.9484424874511866 -0.9510122091413524 0.9537117685955124 0.6949982545679373 -0.951707971858327 1.0