1.0 -0.858966934843384 -0.8330827852191776 0.7395525650467663 0.9987815240105741 -0.7946478352582161 0.31417554700160105
-0.858966934843384 1.0 0.9920906635536243 -0.917284615087558 -0.8500457829110564 0.9704094158336127 -0.6878893453846824
-0.8330827852191776 0.9920906635536243 1.0 -0.950659364621738 -0.8233197895737537 0.9906609558611136 -0.7503716068945637
0.7395525650467663 -0.917284615087558 -0.950659364621738 1.0 0.7278649869960496 -0.9781401503957331 0.8603377795407802
0.9987815240105741 -0.8500457829110564 -0.8233197895737537 0.7278649869960496 1.0 -0.783467693119084 0.29597626061109833
-0.7946478352582161 0.9704094158336127 0.9906609558611136 -0.9781401503957331 -0.783467693119084 1.0 -0.816182886482166
0.31417554700160105 -0.6878893453846824 -0.7503716068945637 0.8603377795407802 0.29597626061109833 -0.816182886482166 1.0