1.0 -0.8933353319188798 -0.8820982628271266 0.8686756292021194 0.9979566062619174 -0.8790617325166153 0.7133409957679535
-0.8933353319188798 1.0 0.9988382766314058 -0.9952363843814929 -0.8832041050831446 0.9980765892952652 -0.9497921586544434
-0.8820982628271266 0.9988382766314058 1.0 -0.9984463938465084 -0.8712185375961667 0.9998355651375491 -0.9586529920458208
0.8686756292021194 -0.9952363843814929 -0.9984463938465084 1.0 0.857986574539916 -0.9990278500560636 0.9639389856956074
0.9979566062619174 -0.8832041050831446 -0.8712185375961667 0.857986574539916 1.0 -0.8679466101805746 0.6962364355226043
-0.8790617325166153 0.9980765892952652 0.9998355651375491 -0.9990278500560636 -0.8679466101805746 1.0 -0.9605887469820357
0.7133409957679535 -0.9497921586544434 -0.9586529920458208 0.9639389856956074 0.6962364355226043 -0.9605887469820357 1.0