1.0 -0.943070384157092 -0.9425048553617723 0.9407626340927089 0.9991506388636605 -0.942476520585078 0.7211663429297116
-0.943070384157092 1.0 0.9999560866960487 -0.9991126223533242 -0.9401009121925025 0.9999468642204324 -0.9096525720027484
-0.9425048553617723 0.9999560866960487 1.0 -0.99931035807627 -0.9396253845115403 0.9999946753695914 -0.9102447322749039
0.9407626340927089 -0.9991126223533242 -0.99931035807627 1.0 0.9388201681358137 -0.9993102479321937 0.9089015525347701
0.9991506388636605 -0.9401009121925025 -0.9396253845115403 0.9388201681358137 1.0 -0.9395941899827562 0.7140100283457412
-0.942476520585078 0.9999468642204324 0.9999946753695914 -0.9993102479321937 -0.9395941899827562 1.0 -0.9102906577678473
0.7211663429297116 -0.9096525720027484 -0.9102447322749039 0.9089015525347701 0.7140100283457412 -0.9102906577678473 1.0