1.0 -0.8998505605670061 -0.8999329318256477 0.9016296359083744 0.9989564834378761 -0.8999674518582979 0.6293419967055514
-0.8998505605670061 1.0 0.9999743863763226 -0.9993106492101752 -0.8962640531030612 0.9999085972100902 -0.9045052237777796
-0.8999329318256477 0.9999743863763226 1.0 -0.9994329522704914 -0.8963461393367504 0.9999797540977144 -0.904506229665801
0.9016296359083744 -0.9993106492101752 -0.9994329522704914 1.0 0.8985777240283253 -0.9994986939802749 0.9007071290800223
0.9989564834378761 -0.8962640531030612 -0.8963461393367504 0.8985777240283253 1.0 -0.8963805602605636 0.6222512584947988
-0.8999674518582979 0.9999085972100902 0.9999797540977144 -0.9994986939802749 -0.8963805602605636 1.0 -0.9044682138398557
0.6293419967055514 -0.9045052237777796 -0.904506229665801 0.9007071290800223 0.6222512584947988 -0.9044682138398557 1.0