1.0 -0.9077354149389398 -0.9064844134539785 0.9020582895151064 0.9992820757736252 -0.9063762708387741 0.7859470165864323
-0.9077354149389398 1.0 0.9999475701026574 -0.9994997549923798 -0.908992763421713 0.999910940609402 -0.9723814929886926
-0.9064844134539785 0.9999475701026574 1.0 -0.9996081694686373 -0.9076938770868512 0.9999782606316377 -0.9731817424198127
0.9020582895151064 -0.9994997549923798 -0.9996081694686373 1.0 0.9036355903102797 -0.9996260379740685 0.9744424738452535
0.9992820757736252 -0.908992763421713 -0.9076938770868512 0.9036355903102797 1.0 -0.9075491075320254 0.7872370258089513
-0.9063762708387741 0.999910940609402 0.9999782606316377 -0.9996260379740685 -0.9075491075320254 1.0 -0.973281972834086
0.7859470165864323 -0.9723814929886926 -0.9731817424198127 0.9744424738452535 0.7872370258089513 -0.973281972834086 1.0