1.0 -0.8801565267511167 -0.8786219267717423 0.8729835525200546 0.9990205980643978 -0.8772891151193077 0.5881729186708955
-0.8801565267511167 1.0 0.9999678109085419 -0.9990164680855679 -0.8669132989010294 0.9998650141015257 -0.901033626581081
-0.8786219267717423 0.9999678109085419 1.0 -0.9991875780421716 -0.86531912946148 0.9999416308319659 -0.9024935282907443
0.8729835525200546 -0.9990164680855679 -0.9991875780421716 1.0 0.8597075668661311 -0.9994312578920811 0.9054259674197538
0.9990205980643978 -0.8669132989010294 -0.86531912946148 0.8597075668661311 1.0 -0.8639328335342364 0.56572133830788
-0.8772891151193077 0.9998650141015257 0.9999416308319659 -0.9994312578920811 -0.8639328335342364 1.0 -0.9036546295524867
0.5881729186708955 -0.901033626581081 -0.9024935282907443 0.9054259674197538 0.56572133830788 -0.9036546295524867 1.0