1.0 0.8398719582200662 0.8406331053473894 -0.8411693259663867 0.935119714267644 0.8406331053473894 -0.8503698078697998
0.8398719582200662 1.0 0.9999725638604372 -0.9997243868195947 0.6343784742679455 0.9999725638604372 -0.9997708337425067
0.8406331053473894 0.9999725638604372 1.0 -0.9998104100204949 0.634911092523456 1.0 -0.9998040067369884
-0.8411693259663867 -0.9997243868195947 -0.9998104100204949 1.0 -0.6319339793834042 -0.9998104100204949 0.9995009173924387
0.935119714267644 0.6343784742679455 0.634911092523456 -0.6319339793834042 1.0 0.634911092523456 -0.6499665778590653
0.8406331053473894 0.9999725638604372 1.0 -0.9998104100204949 0.634911092523456 1.0 -0.9998040067369884
-0.8503698078697998 -0.9997708337425067 -0.9998040067369884 0.9995009173924387 -0.6499665778590653 -0.9998040067369884 1.0