1.0 0.9796576360959756 0.9807228606308696 -0.979773510967644 0.9962436988247341 0.9801750422295682 -0.9839843019245095
0.9796576360959756 1.0 0.9997643464878984 -0.998133129595714 0.9702568419025043 0.9991889128069803 -0.9992330930568563
0.9807228606308696 0.9997643464878984 1.0 -0.9990929629464811 0.9702489897517245 0.9997566656637731 -0.9997143891330866
-0.979773510967644 -0.998133129595714 -0.9990929629464811 1.0 -0.9663479526753573 -0.9997105471943661 0.9992484834073253
0.9962436988247341 0.9702568419025043 0.9702489897517245 -0.9663479526753573 1.0 0.9685330662796503 -0.9737933919003009
0.9801750422295682 0.9991889128069803 0.9997566656637731 -0.9997105471943661 0.9685330662796503 1.0 -0.999753364716742
-0.9839843019245095 -0.9992330930568563 -0.9997143891330866 0.9992484834073253 -0.9737933919003009 -0.999753364716742 1.0