1.0 0.22290099062062427 0.22272636314389105 -0.22550447097400225 0.9240012242932901 0.22272636314389105 -0.24639389523663438
0.22290099062062427 1.0 0.9999867244303753 -0.999945986902925 -0.10358990438462602 0.9999867244303753 -0.9996781123409546
0.22272636314389105 0.9999867244303753 1.0 -0.9999644749320196 -0.10372023116779486 1.0 -0.9996867158574482
-0.22550447097400225 -0.999945986902925 -0.9999644749320196 1.0 0.10222482034967302 -0.9999644749320196 0.9996809414812718
0.9240012242932901 -0.10358990438462602 -0.10372023116779486 0.10222482034967302 1.0 -0.10372023116779486 0.07884190338080878
0.22272636314389105 0.9999867244303753 1.0 -0.9999644749320196 -0.10372023116779486 1.0 -0.9996867158574482
-0.24639389523663438 -0.9996781123409546 -0.9996867158574482 0.9996809414812718 0.07884190338080878 -0.9996867158574482 1.0