1.0 0.9899467857711622 0.9911329029768431 -0.9920774440090613 0.9994753913978608 0.9917930671626635 -0.9941935295496548
0.9899467857711622 1.0 0.9991372133327652 -0.9942153615336465 0.9886424035795195 0.9984170886988555 -0.9952809140380265
0.9911329029768431 0.9991372133327652 1.0 -0.995589743833537 0.9899543041764154 0.9990667293635382 -0.9964537561232473
-0.9920774440090613 -0.9942153615336465 -0.995589743833537 1.0 -0.9894849675037957 -0.9980143567945355 0.9995991589145392
0.9994753913978608 0.9886424035795195 0.9899543041764154 -0.9894849675037957 1.0 0.9900855730764175 -0.9924228869355414
0.9917930671626635 0.9984170886988555 0.9990667293635382 -0.9980143567945355 0.9900855730764175 1.0 -0.9984768490948791
-0.9941935295496548 -0.9952809140380265 -0.9964537561232473 0.9995991589145392 -0.9924228869355414 -0.9984768490948791 1.0