1.0 -0.8000819144547583 -0.7991931681492368 0.7994248173178192 0.9897522824925042 -0.7991931681492368 0.7783480169510647
-0.8000819144547583 1.0 0.9999688885628422 -0.9999003333378014 -0.7544162210876458 0.9999688885628422 -0.9993270320922031
-0.7991931681492368 0.9999688885628422 1.0 -0.9999619174365442 -0.7537807255705307 1.0 -0.9993846977933207
0.7994248173178192 -0.9999003333378014 -0.9999619174365442 1.0 0.7550497694274049 -0.9999619174365442 0.9992564288399073
0.9897522824925042 -0.7544162210876458 -0.7537807255705307 0.7550497694274049 1.0 -0.7537807255705307 0.7303364876961481
-0.7991931681492368 0.9999688885628422 1.0 -0.9999619174365442 -0.7537807255705307 1.0 -0.9993846977933207
0.7783480169510647 -0.9993270320922031 -0.9993846977933207 0.9992564288399073 0.7303364876961481 -0.9993846977933207 1.0