1.0 -0.853273305574648 -0.8531864058758999 0.8513609201582942 0.9945430563696854 -0.8531864058758999 0.8355552330395615
-0.853273305574648 1.0 0.9999693179474513 -0.9998451101470378 -0.8645024015882898 0.9999693179474513 -0.9994200466049411
-0.8531864058758999 0.9999693179474513 1.0 -0.9999215028101375 -0.8647287096667776 1.0 -0.9994316204268241
0.8513609201582942 -0.9998451101470378 -0.9999215028101375 1.0 0.8640028073642606 -0.9999215028101375 0.9993834753892101
0.9945430563696854 -0.8645024015882898 -0.8647287096667776 0.8640028073642606 1.0 -0.8647287096667776 0.8473389916971692
-0.8531864058758999 0.9999693179474513 1.0 -0.9999215028101375 -0.8647287096667776 1.0 -0.9994316204268241
0.8355552330395615 -0.9994200466049411 -0.9994316204268241 0.9993834753892101 0.8473389916971692 -0.9994316204268241 1.0