1.0 0.8530949564526926 0.8506400829212961 -0.8426709759068955 0.9968999990068045 0.8512316276247927 -0.8691921794218542
0.8530949564526926 1.0 0.9994794146381515 -0.991430665486099 0.8251411323987912 0.9986129991823205 -0.9923767720664466
0.8506400829212961 0.9994794146381515 1.0 -0.9921674870105252 0.822691381362695 0.9986272490757694 -0.9927944359058333
-0.8426709759068955 -0.991430665486099 -0.9921674870105252 1.0 -0.8108056196809039 -0.9962954523173155 0.9985904308801203
0.9968999990068045 0.8251411323987912 0.822691381362695 -0.8108056196809039 1.0 0.8217527245949083 -0.84030105931548
0.8512316276247927 0.9986129991823205 0.9986272490757694 -0.9962954523173155 0.8217527245949083 1.0 -0.996410552592224
-0.8691921794218542 -0.9923767720664466 -0.9927944359058333 0.9985904308801203 -0.84030105931548 -0.996410552592224 1.0