1.0 0.8475946333591152 0.8488903643964193 -0.8503465222136923 0.9921004935466978 0.8488903643964193 -0.8603788080776892
0.8475946333591152 1.0 0.9999366172224432 -0.9998742989692613 0.8226087837303755 0.9999366172224432 -0.9996319034382336
0.8488903643964193 0.9999366172224432 1.0 -0.9999528896606239 0.823815794692102 1.0 -0.9997331751941387
-0.8503465222136923 -0.9998742989692613 -0.9999528896606239 1.0 -0.8243893487514866 -0.9999528896606239 0.9996961143765423
0.9921004935466978 0.8226087837303755 0.823815794692102 -0.8243893487514866 1.0 0.823815794692102 -0.8366410923298082
0.8488903643964193 0.9999366172224432 1.0 -0.9999528896606239 0.823815794692102 1.0 -0.9997331751941387
-0.8603788080776892 -0.9996319034382336 -0.9997331751941387 0.9996961143765423 -0.8366410923298082 -0.9997331751941387 1.0