1.0 -0.8144486304616546 -0.8139367098114857 0.8124595564748633 0.9900894477400327 -0.8139367098114857 0.7917644037261303
-0.8144486304616546 1.0 0.9999497955746525 -0.9999017651247964 -0.8811174342078373 0.9999497955746525 -0.9992127204228317
-0.8139367098114857 0.9999497955746525 1.0 -0.999963948843904 -0.8807094043249415 1.0 -0.9992930836267071
0.8124595564748633 -0.9999017651247964 -0.999963948843904 1.0 0.8799069558358952 -0.999963948843904 0.9993071478753282
0.9900894477400327 -0.8811174342078373 -0.8807094043249415 0.8799069558358952 1.0 -0.8807094043249415 0.8622980696773956
-0.8139367098114857 0.9999497955746525 1.0 -0.999963948843904 -0.8807094043249415 1.0 -0.9992930836267071
0.7917644037261303 -0.9992127204228317 -0.9992930836267071 0.9993071478753282 0.8622980696773956 -0.9992930836267071 1.0