1.0 -0.9105416299689594 -0.91018900592626 0.9102937418890766 0.9964282174384863 -0.91018900592626 0.8927552654777026
-0.9105416299689594 1.0 0.999940153493207 -0.9998608572299046 -0.923026776571225 0.999940153493207 -0.9990574613814209
-0.91018900592626 0.999940153493207 1.0 -0.9999504274209777 -0.922624500037939 1.0 -0.9991512500097885
0.9102937418890766 -0.9998608572299046 -0.9999504274209777 1.0 0.9233232986561003 -0.9999504274209777 0.9990049777308788
0.9964282174384863 -0.923026776571225 -0.922624500037939 0.9233232986561003 1.0 -0.922624500037939 0.9060028905553899
-0.91018900592626 0.999940153493207 1.0 -0.9999504274209777 -0.922624500037939 1.0 -0.9991512500097885
0.8927552654777026 -0.9990574613814209 -0.9991512500097885 0.9990049777308788 0.9060028905553899 -0.9991512500097885 1.0