1.0 0.9862499139078406 0.9857352554431138 -0.9854445103513754 0.9989272196055844 0.985243241549593 -0.9879395898659327
0.9862499139078406 1.0 0.9989646391445118 -0.9949881566576032 0.9842545628632335 0.9980974190459964 -0.995644406198754
0.9857352554431138 0.9989646391445118 1.0 -0.9963896983524787 0.9841478452932524 0.9987467260230248 -0.9968558636486972
-0.9854445103513754 -0.9949881566576032 -0.9963896983524787 1.0 -0.9832692019914271 -0.9985338758697322 0.9996470347996881
0.9989272196055844 0.9842545628632335 0.9841478452932524 -0.9832692019914271 1.0 0.983554338966358 -0.986685069842989
0.985243241549593 0.9980974190459964 0.9987467260230248 -0.9985338758697322 0.983554338966358 1.0 -0.9986723672417231
-0.9879395898659327 -0.995644406198754 -0.9968558636486972 0.9996470347996881 -0.986685069842989 -0.9986723672417231 1.0