1.0 0.9457187303115514 0.9467175877195838 -0.947147910909034 0.9795442091768866 0.9467175877195838 -0.9522033759149656
0.9457187303115514 1.0 0.9999517771864783 -0.9997466234603118 0.876076696306682 0.9999517771864783 -0.9997559929333819
0.9467175877195838 0.9999517771864783 1.0 -0.9998803206167545 0.876955059855166 1.0 -0.9998281510001659
-0.947147910909034 -0.9997466234603118 -0.9998803206167545 1.0 -0.875877827351108 -0.9998803206167545 0.9996491288466922
0.9795442091768866 0.876076696306682 0.876955059855166 -0.875877827351108 1.0 0.876955059855166 -0.885672495833899
0.9467175877195838 0.9999517771864783 1.0 -0.9998803206167545 0.876955059855166 1.0 -0.9998281510001659
-0.9522033759149656 -0.9997559929333819 -0.9998281510001659 0.9996491288466922 -0.885672495833899 -0.9998281510001659 1.0