1.0 0.7453059220158501 0.7458099222749418 -0.7456555168402352 0.9816923472054463 0.7458099222749418 -0.7627877175477759
0.7453059220158501 1.0 0.9999756107128582 -0.9999365792787837 0.6464715146275581 0.9999756107128582 -0.9996205345967224
0.7458099222749418 0.9999756107128582 1.0 -0.9999767528053494 0.646687804690267 1.0 -0.9996545357125496
-0.7456555168402352 -0.9999365792787837 -0.9999767528053494 1.0 -0.6460813775697721 -0.9999767528053494 0.9996062084885401
0.9816923472054463 0.6464715146275581 0.646687804690267 -0.6460813775697721 1.0 0.646687804690267 -0.6664798878268055
0.7458099222749418 0.9999756107128582 1.0 -0.9999767528053494 0.646687804690267 1.0 -0.9996545357125496
-0.7627877175477759 -0.9996205345967224 -0.9996545357125496 0.9996062084885401 -0.6664798878268055 -0.9996545357125496 1.0