1.0 -0.7553834998734181 -0.75572351914404 0.7571784291802424 0.9912044025719957 -0.75572351914404 0.7258272281110586
-0.7553834998734181 1.0 0.9999510800527812 -0.9999202222201339 -0.8226692025474542 0.9999510800527812 -0.9989697278344866
-0.75572351914404 0.9999510800527812 1.0 -0.9999724328623791 -0.8230063461717796 1.0 -0.9989909912459959
0.7571784291802424 -0.9999202222201339 -0.9999724328623791 1.0 0.8246156083556454 -0.9999724328623791 0.9988266741777524
0.9912044025719957 -0.8226692025474542 -0.8230063461717796 0.8246156083556454 1.0 -0.8230063461717796 0.7966873839060655
-0.75572351914404 0.9999510800527812 1.0 -0.9999724328623791 -0.8230063461717796 1.0 -0.9989909912459959
0.7258272281110586 -0.9989697278344866 -0.9989909912459959 0.9988266741777524 0.7966873839060655 -0.9989909912459959 1.0