1.0 0.6792413852834353 0.6766903027896224 -0.642731861452648 0.9679923611532948 0.6630577201575806 -0.6795660566725121
0.6792413852834353 1.0 0.9997003756511283 -0.9943864818024803 0.5080030013518133 0.9986482567407696 -0.996800911364242
0.6766903027896224 0.9997003756511283 1.0 -0.995109766298634 0.5043327729854291 0.9988931544253148 -0.9971598624455599
-0.642731861452648 -0.9943864818024803 -0.995109766298634 1.0 -0.45741877826038635 -0.9980861562423942 0.9985020128098201
0.9679923611532948 0.5080030013518133 0.5043327729854291 -0.45741877826038635 1.0 0.48480272046305434 -0.5029587523298884
0.6630577201575806 0.9986482567407696 0.9988931544253148 -0.9980861562423942 0.48480272046305434 1.0 -0.9986972611356091
-0.6795660566725121 -0.996800911364242 -0.9971598624455599 0.9985020128098201 -0.5029587523298884 -0.9986972611356091 1.0