1.0 0.594734533699437 0.5903210666253831 -0.5588034177034783 0.9515414535523872 0.5838598708862353 -0.6027779207881141
0.594734533699437 1.0 0.9993933059482233 -0.9931745300887412 0.32985588016872486 0.9986814296916845 -0.9948083986417803
0.5903210666253831 0.9993933059482233 1.0 -0.9941081877555394 0.3243257230641292 0.9988933262646178 -0.9952361733635868
-0.5588034177034783 -0.9931745300887412 -0.9941081877555394 1.0 -0.28414322385445495 -0.99715199915416 0.998414788293994
0.9515414535523872 0.32985588016872486 0.3243257230641292 -0.28414322385445495 1.0 0.3154225262617417 -0.3363682847257985
0.5838598708862353 0.9986814296916845 0.9988933262646178 -0.99715199915416 0.3154225262617417 1.0 -0.9977287421606984
-0.6027779207881141 -0.9948083986417803 -0.9952361733635868 0.998414788293994 -0.3363682847257985 -0.9977287421606984 1.0