1.0 0.9781007224289372 0.9807617656290651 -0.9823076769545658 0.9981942406912314 0.9818828062445972 -0.986941402920896
0.9781007224289372 1.0 0.9980720203535658 -0.9914993739016535 0.9711950529194558 0.9973867140967492 -0.9931232164620704
0.9807617656290651 0.9980720203535658 1.0 -0.9948993005945802 0.971957678586134 0.998578072829461 -0.9955943559958487
-0.9823076769545658 -0.9914993739016535 -0.9948993005945802 1.0 -0.9718361226188013 -0.997731815770198 0.9994655254267887
0.9981942406912314 0.9711950529194558 0.971957678586134 -0.9718361226188013 1.0 0.9728604112989586 -0.9783532619924907
0.9818828062445972 0.9973867140967492 0.998578072829461 -0.997731815770198 0.9728604112989586 1.0 -0.998112799219776
-0.986941402920896 -0.9931232164620704 -0.9955943559958487 0.9994655254267887 -0.9783532619924907 -0.998112799219776 1.0