1.0 -0.7038061682549807 -0.7028023657684558 0.7035363609198642 0.9780029461372701 -0.7028023657684558 0.6835580155935344
-0.7038061682549807 1.0 0.9999725314734181 -0.9999240739922405 -0.7980136340487172 0.9999725314734181 -0.9995653259447946
-0.7028023657684558 0.9999725314734181 1.0 -0.9999714554026803 -0.7974044233217799 1.0 -0.9996161818241698
0.7035363609198642 -0.9999240739922405 -0.9999714554026803 1.0 0.798807000074798 -0.9999714554026803 0.99951198986063
0.9780029461372701 -0.7980136340487172 -0.7974044233217799 0.798807000074798 1.0 -0.7974044233217799 0.7804151708651982
-0.7028023657684558 0.9999725314734181 1.0 -0.9999714554026803 -0.7974044233217799 1.0 -0.9996161818241698
0.6835580155935344 -0.9995653259447946 -0.9996161818241698 0.99951198986063 0.7804151708651982 -0.9996161818241698 1.0