1.0 0.8279679764117723 0.8296585152697576 -0.8342558286410823 0.9921162523365098 0.8296585152697576 -0.8433154716516447
0.8279679764117723 1.0 0.9999786048218863 -0.9997934473367671 0.7915069733001491 0.9999786048218863 -0.9995870435255274
0.8296585152697576 0.9999786048218863 1.0 -0.9998660733674009 0.7930440508464462 1.0 -0.9996691484621393
-0.8342558286410823 -0.9997934473367671 -0.9998660733674009 1.0 -0.7966582841560644 -0.9998660733674009 0.9996655853431072
0.9921162523365098 0.7915069733001491 0.7930440508464462 -0.7966582841560644 1.0 0.7930440508464462 -0.8084039563283602
0.8296585152697576 0.9999786048218863 1.0 -0.9998660733674009 0.7930440508464462 1.0 -0.9996691484621393
-0.8433154716516447 -0.9995870435255274 -0.9996691484621393 0.9996655853431072 -0.8084039563283602 -0.9996691484621393 1.0