1.0 0.9038497995988722 0.908121956989803 -0.9215382340740029 0.9842768320660774 0.9130354896425108 -0.9297592278069834
0.9038497995988722 1.0 0.9996031255175544 -0.9955210792928655 0.8294290735105244 0.998811096058433 -0.9944910396198698
0.908121956989803 0.9996031255175544 1.0 -0.9964496293341083 0.8339434898009499 0.999449462579404 -0.9954694708534605
-0.9215382340740029 -0.9955210792928655 -0.9964496293341083 1.0 -0.849744233501042 -0.9984992828486192 0.999518423899398
0.9842768320660774 0.8294290735105244 0.8339434898009499 -0.849744233501042 1.0 0.8401996460107556 -0.8627952468656747
0.9130354896425108 0.998811096058433 0.999449462579404 -0.9984992828486192 0.8401996460107556 1.0 -0.9978396284595743
-0.9297592278069834 -0.9944910396198698 -0.9954694708534605 0.999518423899398 -0.8627952468656747 -0.9978396284595743 1.0