1.0 0.8115239497461264 0.8117224952451932 -0.8120242446263157 0.9920782381249666 0.8115245812277484 -0.8303816795195127
0.8115239497461264 1.0 0.9999813399807908 -0.9998921331939425 0.7846539399002987 0.9999572122389836 -0.9993980448211978
0.8117224952451932 0.9999813399807908 1.0 -0.9999047661790473 0.7848702567885439 0.9999692231796603 -0.9994222193348152
-0.8120242446263157 -0.9998921331939425 -0.9999047661790473 1.0 -0.7845093707026419 -0.9999563670207923 0.9993867703065011
0.9920782381249666 0.7846539399002987 0.7848702567885439 -0.7845093707026419 1.0 0.7846786110570242 -0.8049919181764853
0.8115245812277484 0.9999572122389836 0.9999692231796603 -0.9999563670207923 0.7846786110570242 1.0 -0.9994378213264556
-0.8303816795195127 -0.9993980448211978 -0.9994222193348152 0.9993867703065011 -0.8049919181764853 -0.9994378213264556 1.0