1.0 0.8782725804154621 0.8797175602173988 -0.8800983409005372 0.9945537427996258 0.8797175602173988 -0.8914713043276343
0.8782725804154621 1.0 0.9999663302300679 -0.9999089690218104 0.8571087511593096 0.9999663302300679 -0.9995531456297674
0.8797175602173988 0.9999663302300679 1.0 -0.9999460027079138 0.8586931225395725 1.0 -0.9996644737672616
-0.8800983409005372 -0.9999089690218104 -0.9999460027079138 1.0 -0.8582657102824619 -0.9999460027079138 0.999582747302441
0.9945537427996258 0.8571087511593096 0.8586931225395725 -0.8582657102824619 1.0 0.8586931225395725 -0.8716557600927636
0.8797175602173988 0.9999663302300679 1.0 -0.9999460027079138 0.8586931225395725 1.0 -0.9996644737672616
-0.8914713043276343 -0.9995531456297674 -0.9996644737672616 0.999582747302441 -0.8716557600927636 -0.9996644737672616 1.0