1.0 0.9738018435930481 0.9749798929574329 -0.9737889276201948 0.9986228229263955 0.9756113827038108 -0.9779499069718922
0.9738018435930481 1.0 0.9998010991791352 -0.9950611736955864 0.9677721136289198 0.9990035106340495 -0.9957441977444985
0.9749798929574329 0.9998010991791352 1.0 -0.9953024648966335 0.9689661289434629 0.9992403124806202 -0.9959725183592942
-0.9737889276201948 -0.9950611736955864 -0.9953024648966335 1.0 -0.9662302650962872 -0.998042289266724 0.9997165014789594
0.9986228229263955 0.9677721136289198 0.9689661289434629 -0.9662302650962872 1.0 0.9691617451775537 -0.9714125355231272
0.9756113827038108 0.9990035106340495 0.9992403124806202 -0.998042289266724 0.9691617451775537 1.0 -0.9983911275231784
-0.9779499069718922 -0.9957441977444985 -0.9959725183592942 0.9997165014789594 -0.9714125355231272 -0.9983911275231784 1.0