1.0 0.9349567903919792 0.9351622915578687 -0.930830632689773 0.9947650792173477 0.9363142878382951 -0.9401666249626106
0.9349567903919792 1.0 0.9991193595007295 -0.9948150054816643 0.8998903969538518 0.9983580826447735 -0.9951375588329014
0.9351622915578687 0.9991193595007295 1.0 -0.9959572361595975 0.9008203828461032 0.9987772358392141 -0.9962061158586044
-0.930830632689773 -0.9948150054816643 -0.9959572361595975 1.0 -0.8953258838819017 -0.9983415749147653 0.999598718182804
0.9947650792173477 0.8998903969538518 0.9008203828461032 -0.8953258838819017 1.0 0.9020116848494456 -0.9071512544030352
0.9363142878382951 0.9983580826447735 0.9987772358392141 -0.9983415749147653 0.9020116848494456 1.0 -0.9985345353412572
-0.9401666249626106 -0.9951375588329014 -0.9962061158586044 0.999598718182804 -0.9071512544030352 -0.9985345353412572 1.0