1.0 0.9811599690746747 0.9812891830291948 -0.9817609316409309 0.9943108113332048 0.9818374853276693 -0.9849851425236588
0.9811599690746747 1.0 0.9999307964926228 -0.9996648340237554 0.9634073989714486 0.9998868776773434 -0.9996633681476499
0.9812891830291948 0.9999307964926228 1.0 -0.9997395159535452 0.9634748395811138 0.99995291116224 -0.9997295881938941
-0.9817609316409309 -0.9996648340237554 -0.9997395159535452 1.0 -0.9626623359585456 -0.9997827275979652 0.9994715298035661
0.9943108113332048 0.9634073989714486 0.9634748395811138 -0.9626623359585456 1.0 0.9641156052006205 -0.9689852018229919
0.9818374853276693 0.9998868776773434 0.99995291116224 -0.9997827275979652 0.9641156052006205 1.0 -0.9998171220822492
-0.9849851425236588 -0.9996633681476499 -0.9997295881938941 0.9994715298035661 -0.9689852018229919 -0.9998171220822492 1.0