1.0 0.9887091310226495 0.9881861134036602 -0.989976031112241 0.9994431636253003 0.9894245519316203 -0.9923856716050696
0.9887091310226495 1.0 0.9990875124208068 -0.9957430196715207 0.9863187202957399 0.9985562186308213 -0.9962593663781448
0.9881861134036602 0.9990875124208068 1.0 -0.997095472222375 0.9851157574948806 0.9991040148558147 -0.9969402927517677
-0.989976031112241 -0.9957430196715207 -0.997095472222375 1.0 -0.9871316449272756 -0.9986773976345241 0.9996580135491315
0.9994431636253003 0.9863187202957399 0.9851157574948806 -0.9871316449272756 1.0 0.9869205373078831 -0.990296672403699
0.9894245519316203 0.9985562186308213 0.9991040148558147 -0.9986773976345241 0.9869205373078831 1.0 -0.9987655606353264
-0.9923856716050696 -0.9962593663781448 -0.9969402927517677 0.9996580135491315 -0.990296672403699 -0.9987655606353264 1.0