1.0 -0.20359596300044466 -0.20105092954856363 0.19830141651693164 0.9714901741531905 -0.20055211245087634 0.16300224734562505
-0.20359596300044466 1.0 0.9999703745148629 -0.9998179586220003 -0.3576899982996899 0.9999336102099758 -0.9991082567698291
-0.20105092954856363 0.9999703745148629 1.0 -0.9998949382002655 -0.35612789676175727 0.999964351618892 -0.9992062484665679
0.19830141651693164 -0.9998179586220003 -0.9998949382002655 1.0 0.3549237539533939 -0.9999594384896543 0.999242809957218
0.9714901741531905 -0.3576899982996899 -0.35612789676175727 0.3549237539533939 1.0 -0.3559489386846339 0.31943984586338037
-0.20055211245087634 0.9999336102099758 0.999964351618892 -0.9999594384896543 -0.3559489386846339 1.0 -0.999246443942272
0.16300224734562505 -0.9991082567698291 -0.9992062484665679 0.999242809957218 0.31943984586338037 -0.999246443942272 1.0