1.0 0.9377006534748238 0.9395573852181438 -0.9416358455110256 0.9939784134322729 0.9393083006867241 -0.9474320205653373
0.9377006534748238 1.0 0.9999142726616914 -0.999679917395585 0.9080344320278547 0.9999017973649609 -0.9995076016778742
0.9395573852181438 0.9999142726616914 1.0 -0.99988578609866 0.9096198883677747 0.9999577849814387 -0.9996506314085885
-0.9416358455110256 -0.999679917395585 -0.99988578609866 1.0 -0.9112507424924202 -0.9998910653098144 0.9996788695140035
0.9939784134322729 0.9080344320278547 0.9096198883677747 -0.9112507424924202 1.0 0.9094936227260055 -0.9196604839964372
0.9393083006867241 0.9999017973649609 0.9999577849814387 -0.9998910653098144 0.9094936227260055 1.0 -0.9996830083804222
-0.9474320205653373 -0.9995076016778742 -0.9996506314085885 0.9996788695140035 -0.9196604839964372 -0.9996830083804222 1.0