1.0 0.7251159088410546 0.7270230406820162 -0.7289131616291538 0.9414703457594963 0.7270230406820162 -0.7482902799032797
0.7251159088410546 1.0 0.999960645532384 -0.999877721225983 0.4664216459414733 0.999960645532384 -0.9993738244635151
0.7270230406820162 0.999960645532384 1.0 -0.9999597160100269 0.4687915495183571 1.0 -0.9994925931775085
-0.7289131616291538 -0.999877721225983 -0.9999597160100269 1.0 -0.47049496612212266 -0.9999597160100269 0.9995088275239014
0.9414703457594963 0.4664216459414733 0.4687915495183571 -0.47049496612212266 1.0 0.4687915495183571 -0.49666417384810996
0.7270230406820162 0.999960645532384 1.0 -0.9999597160100269 0.4687915495183571 1.0 -0.9994925931775085
-0.7482902799032797 -0.9993738244635151 -0.9994925931775085 0.9995088275239014 -0.49666417384810996 -0.9994925931775085 1.0