1.0 -0.9999933163191163 -0.9999933163191163 0.9999716085284616 0.9999540316744695 -0.9999933163191163 0.9999963383379757
-0.9999933163191163 1.0 1.0 -0.9999924754426099 -0.9999824042292971 1.0 -0.9999995487714946
-0.9999933163191163 1.0 1.0 -0.9999924754426099 -0.9999824042292971 1.0 -0.9999995487714946
0.9999716085284616 -0.9999924754426099 -0.9999924754426099 1.0 0.9999978927331529 -0.9999924754426099 0.9999883389597095
0.9999540316744695 -0.9999824042292971 -0.9999824042292971 0.9999978927331529 1.0 -0.9999824042292971 0.9999763175347772
-0.9999933163191163 1.0 1.0 -0.9999924754426099 -0.9999824042292971 1.0 -0.9999995487714946
0.9999963383379757 -0.9999995487714946 -0.9999995487714946 0.9999883389597095 0.9999763175347772 -0.9999995487714946 1.0