1.0 -1.0 -1.0 0.99999885864246 0.9999928259186046 -1.0 0.9999995328604256
-1.0 1.0 1.0 -0.99999885864246 -0.9999928259186044 1.0 -0.9999995328604254
-1.0 1.0 1.0 -0.99999885864246 -0.9999928259186044 1.0 -0.9999995328604254
0.99999885864246 -0.99999885864246 -0.99999885864246 1.0 0.9999974075607252 -0.99999885864246 0.9999969311297037
0.9999928259186046 -0.9999928259186044 -0.9999928259186044 0.9999974075607252 1.0 -0.9999928259186044 0.9999886974795928
-1.0 1.0 1.0 -0.99999885864246 -0.9999928259186044 1.0 -0.9999995328604254
0.9999995328604256 -0.9999995328604254 -0.9999995328604254 0.9999969311297037 0.9999886974795928 -0.9999995328604254 1.0