1.0 -1.0000000000000002 -1.0000000000000002 0.9999998399252236 0.9999993620781189 -1.0000000000000002 0.9999999253667974
-1.0000000000000002 1.0 1.0 -0.9999998399252235 -0.9999993620781192 1.0 -0.9999999253667975
-1.0000000000000002 1.0 1.0 -0.9999998399252235 -0.9999993620781192 1.0 -0.9999999253667975
0.9999998399252236 -0.9999998399252235 -0.9999998399252235 1.0 0.9999998353628394 -0.9999998399252235 0.9999995557392025
0.9999993620781189 -0.9999993620781192 -0.9999993620781192 0.9999998353628394 1.0 -0.9999993620781192 0.9999988562495998
-1.0000000000000002 1.0 1.0 -0.9999998399252235 -0.9999993620781192 1.0 -0.9999999253667975
0.9999999253667974 -0.9999999253667975 -0.9999999253667975 0.9999995557392025 0.9999988562495998 -0.9999999253667975 1.0