1.0 -0.40538427513525266 -0.16675267929077406 0.13485689184862715 0.999320323979084 0.05537477313828912 -0.7356956371717538
-0.40538427513525266 1.0 0.9339759531388765 -0.910567415791992 -0.4189759649311085 0.8078841584197108 -0.20128077562283656
-0.16675267929077406 0.9339759531388765 1.0 -0.9352562568483229 -0.18177797336129306 0.9405250591707459 -0.4594647169930378
0.13485689184862715 -0.910567415791992 -0.9352562568483229 1.0 0.1505758494113171 -0.9285854519606113 0.5044272073022538
0.999320323979084 -0.4189759649311085 -0.18177797336129306 0.1505758494113171 1.0 0.04209672525297389 -0.7283883104720265
0.05537477313828912 0.8078841584197108 0.9405250591707459 -0.9285854519606113 0.04209672525297389 1.0 -0.6948419732085489
-0.7356956371717538 -0.20128077562283656 -0.4594647169930378 0.5044272073022538 -0.7283883104720265 -0.6948419732085489 1.0