1.0 -0.5715637787324409 -0.48983780992625825 0.3998639811241659 0.9988376575332175 -0.43982425069586034 -0.08385150721648073
-0.5715637787324409 1.0 0.986050503440268 -0.9241051100201367 -0.5626328404252576 0.9646120155427372 -0.7256849447970619
-0.48983780992625825 0.986050503440268 1.0 -0.9659269087989601 -0.4808199584143379 0.9923916935135756 -0.8069773279865261
0.3998639811241659 -0.9241051100201367 -0.9659269087989601 1.0 0.39034289249377097 -0.9844571018418313 0.8704748544084399
0.9988376575332175 -0.5626328404252576 -0.4808199584143379 0.39034289249377097 1.0 -0.42956205899553795 -0.0962840243484305
-0.43982425069586034 0.9646120155427372 0.9923916935135756 -0.9844571018418313 -0.42956205899553795 1.0 -0.852754642732731
-0.08385150721648073 -0.7256849447970619 -0.8069773279865261 0.8704748544084399 -0.0962840243484305 -0.852754642732731 1.0