1.0 0.8072977769885201 0.9449515896185707 -0.9692160897807357 0.9988593066954383 0.9626310254879741 -0.9864117216404642
0.8072977769885201 1.0 0.9387163478276452 -0.799662197992545 0.8006754022395655 0.8978074109423857 -0.8458542804091156
0.9449515896185707 0.9387163478276452 1.0 -0.9534454032248634 0.9399024108937176 0.9930845183660114 -0.9728968924437952
-0.9692160897807357 -0.799662197992545 -0.9534454032248634 1.0 -0.9658420237753275 -0.9793534944813582 0.9910031432923085
0.9988593066954383 0.8006754022395655 0.9399024108937176 -0.9658420237753275 1.0 0.9597771961882691 -0.9853283078101284
0.9626310254879741 0.8978074109423857 0.9930845183660114 -0.9793534944813582 0.9597771961882691 1.0 -0.9904204756205848
-0.9864117216404642 -0.8458542804091156 -0.9728968924437952 0.9910031432923085 -0.9853283078101284 -0.9904204756205848 1.0