1.0 0.7893397730811056 0.9365980685246049 -0.9847935451451124 0.9995100616675816 0.9704277520313541 -0.9910185645059997
0.7893397730811056 1.0 0.9437183560462273 -0.8039059884926006 0.7891881534095297 0.8916119297979977 -0.8389356729939251
0.9365980685246049 0.9437183560462273 1.0 -0.9503126970895361 0.936325132550588 0.9898880498603941 -0.9664095996179685
-0.9847935451451124 -0.8039059884926006 -0.9503126970895361 1.0 -0.9851469830561959 -0.9821082484017798 0.9941749254524762
0.9995100616675816 0.7891881534095297 0.936325132550588 -0.9851469830561959 1.0 0.9711020585750639 -0.9919799326042474
0.9704277520313541 0.8916119297979977 0.9898880498603941 -0.9821082484017798 0.9711020585750639 1.0 -0.9916506388664879
-0.9910185645059997 -0.8389356729939251 -0.9664095996179685 0.9941749254524762 -0.9919799326042474 -0.9916506388664879 1.0