1.0 0.7957976867726791 0.9379313922697484 -0.9687589086032112 0.9990413722649975 0.9633867172505609 -0.9871092482564798
0.7957976867726791 1.0 0.9405465957047714 -0.7980691475742624 0.7915534018033409 0.8938837699499531 -0.8413647187914699
0.9379313922697484 0.9405465957047714 1.0 -0.9502207537007913 0.9338928191983384 0.9915029891008176 -0.9694182439595809
-0.9687589086032112 -0.7980691475742624 -0.9502207537007913 1.0 -0.9648755616118407 -0.9793324277951004 0.990019931041646
0.9990413722649975 0.7915534018033409 0.9338928191983384 -0.9648755616118407 1.0 0.9608391904839111 -0.9859088075392309
0.9633867172505609 0.8938837699499531 0.9915029891008176 -0.9793324277951004 0.9608391904839111 1.0 -0.9907267420760706
-0.9871092482564798 -0.8413647187914699 -0.9694182439595809 0.990019931041646 -0.9859088075392309 -0.9907267420760706 1.0