1.0 0.9901902207742652 0.9862966291688441 -0.9984782308587983 0.9999963157724003 0.9997375508590476 -0.9998515950516107
0.9901902207742652 1.0 0.9995803478132049 -0.9954153595982431 0.9903829154627021 0.9927950393620864 -0.9921978482635169
0.9862966291688441 0.9995803478132049 1.0 -0.9927515866950394 0.9865095798080352 0.9893933912728774 -0.9886707198228147
-0.9984782308587983 -0.9954153595982431 -0.9927515866950394 1.0 -0.9985557729632365 -0.9994417463838546 0.9992457940578424
0.9999963157724003 0.9903829154627021 0.9865095798080352 -0.9985557729632365 1.0 0.9997740295839274 -0.9998788117245024
0.9997375508590476 0.9927950393620864 0.9893933912728774 -0.9994417463838546 0.9997740295839274 1.0 -0.999983683000889
-0.9998515950516107 -0.9921978482635169 -0.9886707198228147 0.9992457940578424 -0.9998788117245024 -0.999983683000889 1.0