1.0 0.9935431394072668 0.9924480501761981 -0.9986567217441298 0.9999968187086933 0.9997492785781245 -0.9998636135164787
0.9935431394072668 1.0 0.9997195031128498 -0.9973918978183619 0.9936017828009068 0.9957660253479611 -0.9952341384307484
0.9924480501761981 0.9997195031128498 1.0 -0.9969911518706406 0.9924884125824305 0.9948853892187801 -0.994289552982693
-0.9986567217441298 -0.9973918978183619 -0.9969911518706406 1.0 -0.9986375434517287 -0.99948207659192 0.9993011228913096
0.9999968187086933 0.9936017828009068 0.9924884125824305 -0.9986375434517287 1.0 0.999756040519118 -0.9998694176895264
0.9997492785781245 0.9957660253479611 0.9948853892187801 -0.99948207659192 0.999756040519118 1.0 -0.999982345727101
-0.9998636135164787 -0.9952341384307484 -0.994289552982693 0.9993011228913096 -0.9998694176895264 -0.999982345727101 1.0