1.0 0.9990163733433339 0.9982516898345548 -0.9997116603219148 0.9999956652734526 0.9999158720594461 -0.999948224977778
0.9990163733433339 1.0 0.9998742472531881 -0.9994258449818432 0.9990840022891089 0.9995021543242293 -0.9994096421226908
0.9982516898345548 0.9998742472531881 1.0 -0.9989802252226413 0.9983339007481521 0.9989195055914745 -0.9987851199729221
-0.9997116603219148 -0.9994258449818432 -0.9989802252226413 1.0 -0.9997077143301891 -0.9998178053936899 0.9998010659240882
0.9999956652734526 0.9990840022891089 0.9983339007481521 -0.9997077143301891 1.0 0.9999342120696851 -0.9999628762322131
0.9999158720594461 0.9995021543242293 0.9989195055914745 -0.9998178053936899 0.9999342120696851 1.0 -0.9999958700528291
-0.999948224977778 -0.9994096421226908 -0.9987851199729221 0.9998010659240882 -0.9999628762322131 -0.9999958700528291 1.0