1.0 0.9677292045464386 0.9670973760893239 -0.9988146783391955 0.9999984255819105 0.9985672897001694 -0.9998773215180032
0.9677292045464386 1.0 0.9995340151220258 -0.9731318954913618 0.967709956151777 0.9791582914216723 -0.9711553581587845
0.9670973760893239 0.9995340151220258 1.0 -0.9733885396329475 0.9670542115149188 0.9783861268649761 -0.9706781616607463
-0.9988146783391955 -0.9731318954913618 -0.9733885396329475 1.0 -0.9987578836338801 -0.9981709886269915 0.9992900636918041
0.9999984255819105 0.967709956151777 0.9670542115149188 -0.9987578836338801 1.0 0.9985743573552338 -0.9998703117853921
0.9985672897001694 0.9791582914216723 0.9783861268649761 -0.9981709886269915 0.9985743573552338 1.0 -0.9990868088329181
-0.9998773215180032 -0.9711553581587845 -0.9706781616607463 0.9992900636918041 -0.9998703117853921 -0.9990868088329181 1.0