1.0 0.9641710719864902 0.9500909915029115 -0.9983255648955152 0.9999992223056577 0.9998276212430569 -0.9999068476662493
0.9641710719864902 1.0 0.9982716889788184 -0.9766080360309709 0.9641093050542546 0.9686495831193668 -0.9674955680090978
0.9500909915029115 0.9982716889788184 1.0 -0.9656650776904429 0.9500002695408157 0.9555079177951818 -0.9540999535190525
-0.9983255648955152 -0.9766080360309709 -0.9656650776904429 1.0 -0.9982957428359646 -0.999171773644926 0.9989776246438168
0.9999992223056577 0.9641093050542546 0.9500002695408157 -0.9982957428359646 1.0 0.9998224099837352 -0.9999030961194793
0.9998276212430569 0.9686495831193668 0.9555079177951818 -0.999171773644926 0.9998224099837352 1.0 -0.9999878446168646
-0.9999068476662493 -0.9674955680090978 -0.9540999535190525 0.9989776246438168 -0.9999030961194793 -0.9999878446168646 1.0