1.0 0.9847920507124733 0.9749070446456751 -0.9985473753898119 0.9999987809633893 0.9998682079880453 -0.9999264594930445
0.9847920507124733 1.0 0.9982729970392443 -0.9916145198856975 0.9847016546355171 0.9873857160552457 -0.9867575656490774
0.9749070446456751 0.9982729970392443 1.0 -0.9846186667168162 0.9747611963770836 0.9782511898478989 -0.9774260324438271
-0.9985473753898119 -0.9916145198856975 -0.9846186667168162 1.0 -0.9984875842777917 -0.9992141922158977 0.9990640544962983
0.9999987809633893 0.9847016546355171 0.9747611963770836 -0.9984875842777917 1.0 0.9998563793458131 -0.9999177090655813
0.9998682079880453 0.9873857160552457 0.9782511898478989 -0.9992141922158977 0.9998563793458131 1.0 -0.9999914981139003
-0.9999264594930445 -0.9867575656490774 -0.9774260324438271 0.9990640544962983 -0.9999177090655813 -0.9999914981139003 1.0