1.0 0.9871549927672663 0.9841784868639457 -0.9988586173299326 0.9999969347868571 0.9996871103110879 -0.9998206346726077
0.9871549927672663 1.0 0.9995620597678893 -0.9922625374552797 0.9874118090530747 0.9905222119588265 -0.9897614877314163
0.9841784868639457 0.9995620597678893 1.0 -0.9904571792057055 0.9844480981277012 0.9880550616200555 -0.9871681958902142
-0.9988586173299326 -0.9922625374552797 -0.9904571792057055 1.0 -0.9989091113951177 -0.9996680045680495 0.9995257318007414
0.9999969347868571 0.9874118090530747 0.9844480981277012 -0.9989091113951177 1.0 0.9997240379764288 -0.9998484357588832
0.9996871103110879 0.9905222119588265 0.9880550616200555 -0.9996680045680495 0.9997240379764288 1.0 -0.9999814480259385
-0.9998206346726077 -0.9897614877314163 -0.9871681958902142 0.9995257318007414 -0.9998484357588832 -0.9999814480259385 1.0