1.0 0.9906889218346276 0.9873587262991466 -0.999163707447659 0.9999978740535655 0.9997976920320117 -0.9998865610717248
0.9906889218346276 1.0 0.9997102360748803 -0.9949965783704651 0.9908859922214913 0.9931195813102189 -0.9925439315928993
0.9873587262991466 0.9997102360748803 1.0 -0.9925727622984011 0.9875832257183479 0.990222737299609 -0.9895365192800581
-0.999163707447659 -0.9949965783704651 -0.9925727622984011 1.0 -0.9992112363879967 -0.9997526655317419 0.9996403873461653
0.9999978740535655 0.9908859922214913 0.9875832257183479 -0.9992112363879967 1.0 0.9998270160852882 -0.9999083025201624
0.9997976920320117 0.9931195813102189 0.990222737299609 -0.9997526655317419 0.9998270160852882 1.0 -0.99998717933744
-0.9998865610717248 -0.9925439315928993 -0.9895365192800581 0.9996403873461653 -0.9999083025201624 -0.99998717933744 1.0