1.0 0.9960346495834741 0.9938274053607067 -0.9989816262130917 0.9999975690959562 0.9997763403462784 -0.9998729991648508
0.9960346495834741 1.0 0.9997099570799871 -0.9984939053269918 0.9960865826616527 0.9975140865294798 -0.9971868415857674
0.9938274053607067 0.9997099570799871 1.0 -0.9972391734374304 0.9938947227551033 0.9957559945771438 -0.9953164349729368
-0.9989816262130917 -0.9984939053269918 -0.9972391734374304 1.0 -0.9989952789518024 -0.9996617172212582 0.9995282318022265
0.9999975690959562 0.9960865826616527 0.9938947227551033 -0.9989952789518024 1.0 0.9997913999551598 -0.9998846945415354
0.9997763403462784 0.9975140865294798 0.9957559945771438 -0.9996617172212582 0.9997913999551598 1.0 -0.9999862071517537
-0.9998729991648508 -0.9971868415857674 -0.9953164349729368 0.9995282318022265 -0.9998846945415354 -0.9999862071517537 1.0