1.0 0.985295626481191 0.9767342880455055 -0.9988592616316496 0.9999943028028135 0.9996800618250518 -0.999817398122268
0.985295626481191 1.0 0.998900779627104 -0.9915818363970784 0.9857148760922136 0.9890590735652883 -0.9881786765134891
0.9767342880455055 0.998900779627104 1.0 -0.9849127291173898 0.977252484032075 0.981517142587157 -0.9803796312504076
-0.9988592616316496 -0.9915818363970784 -0.9849127291173898 1.0 -0.9989794217657783 -0.9996847131160431 0.999535667108321
0.9999943028028135 0.9857148760922136 0.977252484032075 -0.9989794217657783 1.0 0.9997501409786611 -0.9998697278277
0.9996800618250518 0.9890590735652883 0.981517142587157 -0.9996847131160431 0.9997501409786611 1.0 -0.9999806200650687
-0.999817398122268 -0.9881786765134891 -0.9803796312504076 0.999535667108321 -0.9998697278277 -0.9999806200650687 1.0