1.0 0.9745709458840688 0.9622978752412406 -0.9982248951734991 0.999996875977381 0.998726460609512 -0.9998761157747457
0.9745709458840688 1.0 0.9987029044134165 -0.9832874391150096 0.9743938467759558 0.9840688817223657 -0.9774716571321826
0.9622978752412406 0.9987029044134165 1.0 -0.9732497523122419 0.9620775876759624 0.9741029746273444 -0.9658303284224268
-0.9982248951734991 -0.9832874391150096 -0.9732497523122419 1.0 -0.9981624708520596 -0.9990071456413088 0.9989811678411047
0.999996875977381 0.9743938467759558 0.9620775876759624 -0.9981624708520596 1.0 0.9986876921603604 -0.9998669211892155
0.998726460609512 0.9840688817223657 0.9741029746273444 -0.9990071456413088 0.9986876921603604 1.0 -0.9992289262903331
-0.9998761157747457 -0.9774716571321826 -0.9658303284224268 0.9989811678411047 -0.9998669211892155 -0.9992289262903331 1.0