1.0 0.9944530094192254 0.9932986285813022 -0.9989524241901726 0.9999987293350264 0.9998678007337775 -0.9999272020816006
0.9944530094192254 1.0 0.9998690371062451 -0.9979342037174964 0.9943496632150203 0.995914572196576 -0.9955605166250484
0.9932986285813022 0.9998690371062451 1.0 -0.997129663802202 0.9931939997235163 0.9949040964408716 -0.9945144793907174
-0.9989524241901726 -0.9979342037174964 -0.997129663802202 1.0 -0.9988982222483949 -0.9995353328544276 0.9994076550901352
0.9999987293350264 0.9943496632150203 0.9931939997235163 -0.9988982222483949 1.0 0.9998524812914652 -0.9999157878912777
0.9998678007337775 0.995914572196576 0.9949040964408716 -0.9995353328544276 0.9998524812914652 1.0 -0.9999911450194109
-0.9999272020816006 -0.9955605166250484 -0.9945144793907174 0.9994076550901352 -0.9999157878912777 -0.9999911450194109 1.0