1.0 0.9992662973779357 0.9986556340516131 -0.9996450846153825 0.99999706946121 0.9999314362866998 -0.9999597467355698
0.9992662973779357 1.0 0.9998795819668307 -0.9997791303146262 0.9992985583875705 0.9996362613517755 -0.999562025213984
0.9986556340516131 0.9998795819668307 1.0 -0.9995255389644535 0.998692500799713 0.9991824469577174 -0.9990699163607621
-0.9996450846153825 -0.9997791303146262 -0.9995255389644535 1.0 -0.9996453245533097 -0.999854624548799 0.9998129888308329
0.99999706946121 0.9992985583875705 0.998692500799713 -0.9996453245533097 1.0 0.9999376713530181 -0.9999649827490257
0.9999314362866998 0.9996362613517755 0.9991824469577174 -0.999854624548799 0.9999376713530181 1.0 -0.9999960532608723
-0.9999597467355698 -0.999562025213984 -0.9990699163607621 0.9998129888308329 -0.9999649827490257 -0.9999960532608723 1.0