1.0 0.9587843643781839 0.9640082646725165 -0.9971413859306175 0.9999982071727378 0.9997078384960166 -0.9998411812894884
0.9587843643781839 1.0 0.999196662401197 -0.9765970021580874 0.9589712920083041 0.9649984428777281 -0.9634208500829013
0.9640082646725165 0.999196662401197 1.0 -0.9808487888007371 0.9641810491522962 0.9699663330107189 -0.9684539530199592
-0.9971413859306175 -0.9765970021580874 -0.9808487888007371 1.0 -0.9971716787453541 -0.9985786843993381 0.9982540701895746
0.9999982071727378 0.9589712920083041 0.9641810491522962 -0.9971716787453541 1.0 0.999724394622497 -0.9998533602937753
0.9997078384960166 0.9649984428777281 0.9699663330107189 -0.9985786843993381 0.999724394622497 1.0 -0.9999797786550382
-0.9998411812894884 -0.9634208500829013 -0.9684539530199592 0.9982540701895746 -0.9998533602937753 -0.9999797786550382 1.0