1.0 0.9912389024371412 0.992296564038077 -0.9995151833682203 0.9999982496833392 0.9998199952228296 -0.9998937957238017
0.9912389024371412 1.0 0.9997760907309147 -0.9939697095520107 0.9913738717329328 0.9933910886053121 -0.9929214151343925
0.992296564038077 0.9997760907309147 1.0 -0.9950247611622508 0.9924257925252195 0.9943624668833524 -0.9939127392214288
-0.9995151833682203 -0.9939697095520107 -0.9950247611622508 1.0 -0.9995303165615397 -0.9998691020725222 0.999815935466899
0.9999982496833392 0.9913738717329328 0.9924257925252195 -0.9995303165615397 1.0 0.9998388259786436 -0.9999082271771155
0.9998199952228296 0.9933910886053121 0.9943624668833524 -0.9998691020725222 0.9998388259786436 1.0 -0.999990254671249
-0.9998937957238017 -0.9929214151343925 -0.9939127392214288 0.999815935466899 -0.9999082271771155 -0.999990254671249 1.0