1.0 0.9934180436939921 0.9903755279892342 -0.999248773410545 0.9999981778953347 0.9998737918518978 -0.9999287525110573
0.9934180436939921 1.0 0.9990918496920832 -0.9961654637589094 0.9935130290276627 0.995097840137844 -0.9947042915829594
0.9903755279892342 0.9990918496920832 1.0 -0.9943781170001379 0.9904432762427912 0.9923927930337061 -0.9919036656721915
-0.999248773410545 -0.9961654637589094 -0.9943781170001379 1.0 -0.999239478189684 -0.9996253219251372 0.9995446326451887
0.9999981778953347 0.9935130290276627 0.9904432762427912 -0.999239478189684 1.0 0.9998851621027989 -0.9999375387754317
0.9998737918518978 0.995097840137844 0.9923927930337061 -0.9996253219251372 0.9998851621027989 1.0 -0.9999920380127696
-0.9999287525110573 -0.9947042915829594 -0.9919036656721915 0.9995446326451887 -0.9999375387754317 -0.9999920380127696 1.0