1.0 0.9794316140297619 0.978559538027254 -0.9988157933054095 0.9999984466616717 0.9997318673813284 -0.9998455557854379
0.9794316140297619 1.0 0.9995655918898441 -0.9859374225281115 0.9795281179077138 0.9834840659736866 -0.9825591065363153
0.978559538027254 0.9995655918898441 1.0 -0.9858893707923654 0.9786545419069124 0.9828325614559311 -0.9818479050826094
-0.9988157933054095 -0.9859374225281115 -0.9858893707923654 1.0 -0.9988282230782064 -0.9995560683101162 0.9994194363812547
0.9999984466616717 0.9795281179077138 0.9786545419069124 -0.9988282230782064 1.0 0.9997468480346193 -0.9998569159831667
0.9997318673813284 0.9834840659736866 0.9828325614559311 -0.9995560683101162 0.9997468480346193 1.0 -0.9999843174927414
-0.9998455557854379 -0.9825591065363153 -0.9818479050826094 0.9994194363812547 -0.9998569159831667 -0.9999843174927414 1.0