1.0 0.9952522993573983 0.9924512999836378 -0.9992448042089235 0.999997343004928 0.9998671063459543 -0.9999249439879534
0.9952522993573983 1.0 0.9995443061252773 -0.99766412709267 0.9953362775180655 0.9965987231657678 -0.996283433130927
0.9924512999836378 0.9995443061252773 1.0 -0.9959333139585037 0.9925471459103499 0.9942332530863417 -0.9938069335417637
-0.9992448042089235 -0.99766412709267 -0.9959333139585037 1.0 -0.9992474037061947 -0.9997033980057773 0.9996071246492715
0.999997343004928 0.9953362775180655 0.9925471459103499 -0.9992474037061947 1.0 0.9998782290285219 -0.9999336759734887
0.9998671063459543 0.9965987231657678 0.9942332530863417 -0.9997033980057773 0.9998782290285219 1.0 -0.9999915806005655
-0.9999249439879534 -0.996283433130927 -0.9938069335417637 0.9996071246492715 -0.9999336759734887 -0.9999915806005655 1.0