1.0 0.9796593823787384 0.9753754643214485 -0.9994687119245289 0.9999983965562282 0.9997608341476296 -0.9998620762361577
0.9796593823787384 1.0 0.9996725667629898 -0.9847291768645806 0.9799082847546288 0.983550940413981 -0.982649538254948
0.9753754643214485 0.9996725667629898 1.0 -0.9811655650761089 0.9756511655464409 0.979727389703692 -0.9787141179140082
-0.9994687119245289 -0.9847291768645806 -0.9811655650761089 1.0 -0.9994977915217564 -0.9998845038551566 0.9998249787772906
0.9999983965562282 0.9799082847546288 0.9756511655464409 -0.9994977915217564 1.0 0.999789032678384 -0.9998833508509587
0.9997608341476296 0.983550940413981 0.979727389703692 -0.9998845038551566 0.999789032678384 1.0 -0.9999860870802634
-0.9998620762361577 -0.982649538254948 -0.9787141179140082 0.9998249787772906 -0.9998833508509587 -0.9999860870802634 1.0