1.0 0.9798605065281206 0.9779165470468011 -0.9982445343167459 0.9999946412820615 0.9994331081520551 -0.9998046547353338
0.9798605065281206 1.0 0.9990736226903084 -0.9866247571708477 0.9801292573950678 0.9852734164009228 -0.9830949327975171
0.9779165470468011 0.9990736226903084 1.0 -0.9858789829415263 0.978158451472784 0.9837241522164207 -0.9813351972856167
-0.9982445343167459 -0.9866247571708477 -0.9858789829415263 1.0 -0.9982728146876672 -0.9990880916122405 0.9990346128130678
0.9999946412820615 0.9801292573950678 0.978158451472784 -0.9982728146876672 1.0 0.9994754360404263 -0.9998358863022199
0.9994331081520551 0.9852734164009228 0.9837241522164207 -0.9990880916122405 0.9994754360404263 1.0 -0.9998168197153366
-0.9998046547353338 -0.9830949327975171 -0.9813351972856167 0.9990346128130678 -0.9998358863022199 -0.9998168197153366 1.0