1.0 0.9980075865621707 0.9978589610762839 -0.9995443602094395 0.9999983908764426 0.9998662420126554 -0.9999229430692114
0.9980075865621707 1.0 0.9999140617381505 -0.9992694140033128 0.9980453129748134 0.9988737104292337 -0.9986880171969047
0.9978589610762839 0.9999140617381505 1.0 -0.99916639071172 0.9979046769146526 0.9987746220981237 -0.9985786906771784
-0.9995443602094395 -0.9992694140033128 -0.99916639071172 1.0 -0.9995443835192284 -0.9998565168061483 0.9997997659268536
0.9999983908764426 0.9980453129748134 0.9979046769146526 -0.9995443835192284 1.0 0.9998766144811356 -0.9999310924071859
0.9998662420126554 0.9988737104292337 0.9987746220981237 -0.9998565168061483 0.9998766144811356 1.0 -0.9999920763867525
-0.9999229430692114 -0.9986880171969047 -0.9985786906771784 0.9997997659268536 -0.9999310924071859 -0.9999920763867525 1.0