1.0 0.9868760910660092 0.9787816818036807 -0.9992474238980854 0.9999994923484048 0.9998774578012132 -0.9999332017120532
0.9868760910660092 1.0 0.998859089753519 -0.9917313440440044 0.9868992318146091 0.9891527932364413 -0.9885841981654442
0.9787816818036807 0.998859089753519 1.0 -0.9853497915745155 0.9788134618559474 0.9817755057851396 -0.9810178956654483
-0.9992474238980854 -0.9917313440440044 -0.9853497915745155 1.0 -0.9992441453165894 -0.9996970503216202 0.9995998894800134
0.9999994923484048 0.9868992318146091 0.9788134618559474 -0.9992441453165894 1.0 0.9998802571234262 -0.9999353484934931
0.9998774578012132 0.9891527932364413 0.9817755057851396 -0.9996970503216202 0.9998802571234262 1.0 -0.9999915406582794
-0.9999332017120532 -0.9885841981654442 -0.9810178956654483 0.9995998894800134 -0.9999353484934931 -0.9999915406582794 1.0