1.0 0.9985909203727675 0.9970923393126754 -0.9997892890681894 0.999998276482031 0.9999474043838562 -0.9999690987031638
0.9985909203727675 1.0 0.9997106894151017 -0.9992337017662448 0.9986113827092292 0.9990752192274377 -0.9989720204177851
0.9970923393126754 0.9997106894151017 1.0 -0.9981904551656527 0.9971123511941191 0.9978140787404789 -0.9976541857116874
-0.9997892890681894 -0.9992337017662448 -0.9981904551656527 1.0 -0.9997787909224044 -0.9999130542699588 0.9998906445998567
0.999998276482031 0.9986113827092292 0.9971123511941191 -0.9997787909224044 1.0 0.9999490317147378 -0.9999703273082405
0.9999474043838562 0.9990752192274377 0.9978140787404789 -0.9999130542699588 0.9999490317147378 1.0 -0.9999970786243778
-0.9999690987031638 -0.9989720204177851 -0.9976541857116874 0.9998906445998567 -0.9999703273082405 -0.9999970786243778 1.0