1.0 0.996623633375808 0.9955020042448635 -0.9994060480842123 0.9999989577587003 0.9998783956654475 -0.9999291520463576
0.996623633375808 1.0 0.9998159706471814 -0.9985107558178874 0.9966629931427167 0.9977133518512956 -0.9974787331028624
0.9955020042448635 0.9998159706471814 1.0 -0.9978257149953238 0.9955458979587711 0.9967752561362112 -0.9964964251768109
-0.9994060480842123 -0.9985107558178874 -0.9978257149953238 1.0 -0.9994070408500284 -0.9997870113873798 0.9997155322850878
0.9999989577587003 0.9966629931427167 0.9955458979587711 -0.9994070408500284 1.0 0.9998846838336409 -0.9999340291469333
0.9998783956654475 0.9977133518512956 0.9967752561362112 -0.9997870113873798 0.9998846838336409 1.0 -0.9999931078988301
-0.9999291520463576 -0.9974787331028624 -0.9964964251768109 0.9997155322850878 -0.9999340291469333 -0.9999931078988301 1.0