1.0 0.9533059180332417 0.9556862129332389 -0.9977744829832047 0.9999985347240479 0.9975655905977399 -0.9998462511563105
0.9533059180332417 1.0 0.9995459136124414 -0.9694661190652325 0.9536390845854266 0.9706757599897489 -0.9579314840001144
0.9556862129332389 0.9995459136124414 1.0 -0.9715093010269257 0.9560014786991855 0.9727934000322392 -0.960183903733624
-0.9977744829832047 -0.9694661190652325 -0.9715093010269257 1.0 -0.9978459848232815 -0.9988624072536714 0.9987286562366764
0.9999985347240479 0.9536390845854266 0.9560014786991855 -0.9978459848232815 1.0 0.9976221910561534 -0.9998688521515865
0.9975655905977399 0.9706757599897489 0.9727934000322392 -0.9988624072536714 0.9976221910561534 1.0 -0.9983217795508369
-0.9998462511563105 -0.9579314840001144 -0.960183903733624 0.9987286562366764 -0.9998688521515865 -0.9983217795508369 1.0