1.0 0.988165624836975 0.988237502097275 -0.9990582080920909 0.9999992623454357 0.9998203012453124 -0.9999017220872239
0.988165624836975 1.0 0.9993260404869345 -0.9931319861568374 0.9882098837216549 0.9908178492481566 -0.9901634837460054
0.988237502097275 0.9993260404869345 1.0 -0.9936105656251579 0.9882565104839524 0.9909319848134499 -0.99026227951904
-0.9990582080920909 -0.9931319861568374 -0.9936105656251579 1.0 -0.9990563873603588 -0.9996534990355888 0.9995291828983698
0.9999992623454357 0.9882098837216549 0.9882565104839524 -0.9990563873603588 1.0 0.9998240156956232 -0.9999044527445091
0.9998203012453124 0.9908178492481566 0.9909319848134499 -0.9996534990355888 0.9998240156956232 1.0 -0.9999877400590156
-0.9999017220872239 -0.9901634837460054 -0.99026227951904 0.9995291828983698 -0.9999044527445091 -0.9999877400590156 1.0