1.0 0.9860797304014223 0.9808047455641976 -0.9994786859557461 0.999998076917788 0.9998952493079645 -0.9999444823873089
0.9860797304014223 1.0 0.9993226541265776 -0.9898082394940335 0.9860453094285065 0.9882535956992586 -0.9876754863416395
0.9808047455641976 0.9993226541265776 1.0 -0.9854190026784694 0.9807311225842734 0.983279742573234 -0.9826121001534373
-0.9994786859557461 -0.9898082394940335 -0.9854190026784694 1.0 -0.9994379353246057 -0.9997537063320462 0.9996951991246515
0.999998076917788 0.9860453094285065 0.9807311225842734 -0.9994379353246057 1.0 0.9998919375707707 -0.9999419848251795
0.9998952493079645 0.9882535956992586 0.983279742573234 -0.9997537063320462 0.9998919375707707 1.0 -0.9999921922700619
-0.9999444823873089 -0.9876754863416395 -0.9826121001534373 0.9996951991246515 -0.9999419848251795 -0.9999921922700619 1.0