1.0 0.9886261121934414 0.9895842549237573 -0.9993512284330777 0.9999981150379764 0.9998998379775237 -0.9999427180395336
0.9886261121934414 1.0 0.9998227121578499 -0.9923017072020562 0.988863349569432 0.9905698363651527 -0.9901166946321196
0.9895842549237573 0.9998227121578499 1.0 -0.9931656426456454 0.989803727860151 0.9914739579028695 -0.9910337270991344
-0.9993512284330777 -0.9923017072020562 -0.9931656426456454 1.0 -0.9993881524730054 -0.9997028421864497 0.9996333493954623
0.9999981150379764 0.988863349569432 0.989803727860151 -0.9993881524730054 1.0 0.9999188911428873 -0.999956755176636
0.9998998379775237 0.9905698363651527 0.9914739579028695 -0.9997028421864497 0.9999188911428873 1.0 -0.9999940290355434
-0.9999427180395336 -0.9901166946321196 -0.9910337270991344 0.9996333493954623 -0.999956755176636 -0.9999940290355434 1.0