1.0 0.9986939727020132 0.9988696017656296 -0.9998292829590838 0.9999968043784875 0.9999272047387772 -0.9999559041305708
0.9986939727020132 1.0 0.9999666112909718 -0.999152879086017 0.9988021768045343 0.99920774317649 -0.9991077915647161
0.9988696017656296 0.9999666112909718 1.0 -0.9993380458825923 0.9989684611756271 0.9993620400949829 -0.9992659223694381
-0.9998292829590838 -0.999152879086017 -0.9993380458825923 1.0 -0.9998481701997666 -0.9999322278146732 0.99991919391169
0.9999968043784875 0.9988021768045343 0.9989684611756271 -0.9998481701997666 1.0 0.9999490645309939 -0.9999725335238359
0.9999272047387772 0.99920774317649 0.9993620400949829 -0.9999322278146732 0.9999490645309939 1.0 -0.9999963516878139
-0.9999559041305708 -0.9991077915647161 -0.9992659223694381 0.99991919391169 -0.9999725335238359 -0.9999963516878139 1.0