1.0 0.15996247117117843 0.6106140947472647 -0.936905181714143 0.9999982024138308 0.9262392897158387 -0.9999087968231811
0.15996247117117843 1.0 0.8534005832529411 -0.04751301686831453 0.16070535081881684 0.47454614019723923 -0.17140939893943488
0.6106140947472647 0.8534005832529411 1.0 -0.4760912039602314 0.610977723524004 0.8458623434541106 -0.618652611623548
-0.936905181714143 -0.04751301686831453 -0.4760912039602314 1.0 -0.9368680847672509 -0.7938288149207205 0.9365068747939111
0.9999982024138308 0.16070535081881684 0.610977723524004 -0.9368680847672509 1.0 0.9263773854491603 -0.9999248517930148
0.9262392897158387 0.47454614019723923 0.8458623434541106 -0.7938288149207205 0.9263773854491603 1.0 -0.9292022241682365
-0.9999087968231811 -0.17140939893943488 -0.618652611623548 0.9365068747939111 -0.9999248517930148 -0.9292022241682365 1.0