1.0 0.09941719579372943 0.5591823803716257 -0.9189646097687598 0.9999984853043828 0.9101286939231165 -0.9999250970114989
0.09941719579372943 1.0 0.852258351982462 0.07918730660931009 0.10007935270501965 0.4614283138702535 -0.11005637536463041
0.5591823803716257 0.852258351982462 1.0 -0.36670625692496567 0.5595085122572556 0.8345548057757576 -0.5670147179825712
-0.9189646097687598 0.07918730660931009 -0.36670625692496567 1.0 -0.9188511763982337 -0.7322424375506091 0.9178982410700119
0.9999984853043828 0.10007935270501965 0.5595085122572556 -0.9188511763982337 1.0 0.9102835727035616 -0.9999373860628076
0.9101286939231165 0.4614283138702535 0.8345548057757576 -0.7322424375506091 0.9102835727035616 1.0 -0.9133426333063297
-0.9999250970114989 -0.11005637536463041 -0.5670147179825712 0.9178982410700119 -0.9999373860628076 -0.9133426333063297 1.0