1.0 0.9999476915356305 0.9998864940468447 -0.9998964019653225 0.9999992595103816 0.9999866220401105 -0.9999935616725424
0.9999476915356305 1.0 0.9999882931728495 -0.9999366294623375 0.9999357292410925 0.9999872201374007 -0.9999778313142345
0.9998864940468447 0.9999882931728495 1.0 -0.9999192096359605 0.9998692233348725 0.9999510504420014 -0.9999339372341618
-0.9998964019653225 -0.9999366294623375 -0.9999192096359605 1.0 -0.9998798411590719 -0.9999298202666304 0.9999190072604008
0.9999992595103816 0.9999357292410925 0.9998692233348725 -0.9998798411590719 1.0 0.9999802064096773 -0.9999890531909236
0.9999866220401105 0.9999872201374007 0.9999510504420014 -0.9999298202666304 0.9999802064096773 1.0 -0.9999986820384793
-0.9999935616725424 -0.9999778313142345 -0.9999339372341618 0.9999190072604008 -0.9999890531909236 -0.9999986820384793 1.0