1.0 1.0 1.0 -0.9999628800771283 0.9999996223560202 1.0 -0.9999999067661745
1.0 1.0 1.0 -0.9999628800771283 0.9999996223560205 1.0 -0.9999999067661745
1.0 1.0 1.0 -0.9999628800771283 0.9999996223560205 1.0 -0.9999999067661745
-0.9999628800771283 -0.9999628800771283 -0.9999628800771283 1.0 -0.9999699118797393 -0.9999628800771283 0.999966423482903
0.9999996223560202 0.9999996223560205 0.9999996223560205 -0.9999699118797393 1.0 0.9999996223560205 -0.9999999035417229
1.0 1.0 1.0 -0.9999628800771283 0.9999996223560205 1.0 -0.9999999067661745
-0.9999999067661745 -0.9999999067661745 -0.9999999067661745 0.999966423482903 -0.9999999035417229 -0.9999999067661745 1.0