1.0 0.9998789775979106 0.9998128636760517 -0.9998005446400959 0.9999618323364695 0.9999270180418335 -0.9999246331947859
0.9998789775979106 1.0 0.9999901221832658 -0.9995528016610206 0.9999431184827622 0.9999891794988951 -0.9999829462166285
0.9998128636760517 0.9999901221832658 1.0 -0.9994969846192678 0.9998859444691555 0.9999586250561545 -0.9999475884153098
-0.9998005446400959 -0.9995528016610206 -0.9994969846192678 1.0 -0.9996162192523628 -0.9995900719847487 0.9995639696117582
0.9999618323364695 0.9999431184827622 0.9998859444691555 -0.9996162192523628 1.0 0.9999818007950096 -0.999986574414929
0.9999270180418335 0.9999891794988951 0.9999586250561545 -0.9995900719847487 0.9999818007950096 1.0 -0.9999987941879248
-0.9999246331947859 -0.9999829462166285 -0.9999475884153098 0.9995639696117582 -0.999986574414929 -0.9999987941879248 1.0