1.0 1.0 1.0 -0.9999526979090168 0.9999964853897345 1.0 -0.9999999990877086
1.0 1.0 1.0 -0.9999526979090168 0.9999964853897346 1.0 -0.9999999990877085
1.0 1.0 1.0 -0.9999526979090168 0.9999964853897346 1.0 -0.9999999990877085
-0.9999526979090168 -0.9999526979090168 -0.9999526979090168 1.0 -0.9999233963216565 -0.9999526979090168 0.9999531124592534
0.9999964853897345 0.9999964853897346 0.9999964853897346 -0.9999233963216565 1.0 0.9999964853897346 -0.9999963712282876
1.0 1.0 1.0 -0.9999526979090168 0.9999964853897346 1.0 -0.9999999990877085
-0.9999999990877086 -0.9999999990877085 -0.9999999990877085 0.9999531124592534 -0.9999963712282876 -0.9999999990877085 1.0