1.0 0.9999382235866582 0.9998674689490483 -0.9999098683479154 0.999994111894129 0.9999835409385219 -0.9999924338408811
0.9999382235866582 1.0 0.9999866592549884 -0.9999973300364267 0.9998941922340187 0.9999855383264752 -0.999973896487317
0.9998674689490483 0.9999866592549884 1.0 -0.9999959256611582 0.9998057138205996 0.999944418154742 -0.999923234062809
-0.9999098683479154 -0.9999973300364267 -0.9999959256611582 1.0 -0.9998579078205622 -0.9999704407209934 0.999954529956015
0.999994111894129 0.9998941922340187 0.9998057138205996 -0.9998579078205622 1.0 0.9999579641902784 -0.9999731966153568
0.9999835409385219 0.9999855383264752 0.999944418154742 -0.9999704407209934 0.9999579641902784 1.0 -0.999998293540286
-0.9999924338408811 -0.999973896487317 -0.999923234062809 0.999954529956015 -0.9999731966153568 -0.999998293540286 1.0