1.0 1.0 1.0 -0.9999745568667048 0.9999910569592642 1.0 -0.9999998729188376
1.0 1.0 1.0 -0.9999745568667049 0.9999910569592644 1.0 -0.9999998729188377
1.0 1.0 1.0 -0.9999745568667049 0.9999910569592644 1.0 -0.9999998729188377
-0.9999745568667048 -0.9999745568667049 -0.9999745568667049 1.0 -0.9999802695577115 -0.9999745568667049 0.9999736752863934
0.9999910569592642 0.9999910569592644 0.9999910569592644 -0.9999802695577115 1.0 0.9999910569592644 -0.999992534737989
1.0 1.0 1.0 -0.9999745568667049 0.9999910569592644 1.0 -0.9999998729188377
-0.9999998729188376 -0.9999998729188377 -0.9999998729188377 0.9999736752863934 -0.999992534737989 -0.9999998729188377 1.0