1.0 0.999939672559766 0.9998696098245091 -0.9999858464689755 0.9999991197490369 0.9999842794727389 -0.9999922381875638
0.999939672559766 1.0 0.9999866639286087 -0.9999748733986452 0.9999246236840107 0.9999855433407747 -0.9999751533118751
0.9998696098245091 0.9999866639286087 1.0 -0.9999280144972686 0.9998478998113002 0.9999444375244495 -0.9999254207670071
-0.9999858464689755 -0.9999748733986452 -0.9999280144972686 1.0 -0.999978958518366 -0.9999953202756802 0.9999953209289265
0.9999991197490369 0.9999246236840107 0.9998478998113002 -0.999978958518366 1.0 0.9999761663720059 -0.9999862880846958
0.9999842794727389 0.9999855433407747 0.9999444375244495 -0.9999953202756802 0.9999761663720059 1.0 -0.9999985921203037
-0.9999922381875638 -0.9999751533118751 -0.9999254207670071 0.9999953209289265 -0.9999862880846958 -0.9999985921203037 1.0