1.0 0.9999999999999998 0.9999999999999998 -0.999996972731552 0.9999971840547771 0.9999999999999998 -0.9999999487337988
0.9999999999999998 1.0 1.0 -0.9999969727315519 0.9999971840547774 1.0 -0.9999999487337988
0.9999999999999998 1.0 1.0 -0.9999969727315519 0.9999971840547774 1.0 -0.9999999487337988
-0.999996972731552 -0.9999969727315519 -0.9999969727315519 1.0 -0.9999902836097405 -0.9999969727315519 0.9999961337531738
0.9999971840547771 0.9999971840547774 0.9999971840547774 -0.9999902836097405 1.0 0.9999971840547774 -0.9999976243146497
0.9999999999999998 1.0 1.0 -0.9999969727315519 0.9999971840547774 1.0 -0.9999999487337988
-0.9999999487337988 -0.9999999487337988 -0.9999999487337988 0.9999961337531738 -0.9999976243146497 -0.9999999487337988 1.0