1.0 0.9996839900117643 0.9997116677671054 -0.9995662377023126 0.9999558619176304 0.9998635368347215 -0.9999172867936129
0.9996839900117643 1.0 0.9999909080755787 -0.999664326360702 0.9996327380013598 0.9999627354790938 -0.9999230884524276
0.9997116677671054 0.9999909080755787 1.0 -0.9996027989880892 0.999676466859428 0.999964717343525 -0.9999341369817204
-0.9995662377023126 -0.999664326360702 -0.9996027989880892 1.0 -0.9992986626868293 -0.9997080542784502 0.9996653746579566
0.9999558619176304 0.9996327380013598 0.999676466859428 -0.9992986626868293 1.0 0.9998132203676566 -0.9998812285217251
0.9998635368347215 0.9999627354790938 0.999964717343525 -0.9997080542784502 0.9998132203676566 1.0 -0.9999920440318483
-0.9999172867936129 -0.9999230884524276 -0.9999341369817204 0.9996653746579566 -0.9998812285217251 -0.9999920440318483 1.0