1.0 1.0 1.0 -0.999987628475843 0.9999998898131689 1.0 -0.9999998180918492
1.0 1.0 1.0 -0.999987628475843 0.9999998898131688 1.0 -0.9999998180918493
1.0 1.0 1.0 -0.999987628475843 0.9999998898131688 1.0 -0.9999998180918493
-0.999987628475843 -0.999987628475843 -0.999987628475843 1.0 -0.9999898531932734 -0.999987628475843 0.9999901434907073
0.9999998898131689 0.9999998898131688 0.9999998898131688 -0.9999898531932734 1.0 0.9999998898131688 -0.999999960800865
1.0 1.0 1.0 -0.999987628475843 0.9999998898131688 1.0 -0.9999998180918493
-0.9999998180918492 -0.9999998180918493 -0.9999998180918493 0.9999901434907073 -0.999999960800865 -0.9999998180918493 1.0