1.0 0.9999780199297633 0.9999972869146614 -0.9999858864163316 0.9999927706011058 0.9999972869146614 -0.9999985251055306
0.9999780199297633 1.0 0.9999907513943415 -0.9999828044617464 0.9999797311895507 0.9999907513943415 -0.9999876370195828
0.9999972869146614 0.9999907513943415 1.0 -0.9999898127971141 0.9999931986304279 1.0 -0.9999997089959447
-0.9999858864163316 -0.9999828044617464 -0.9999898127971141 1.0 -0.9999798279453712 -0.9999898127971141 0.999987501580947
0.9999927706011058 0.9999797311895507 0.9999931986304279 -0.9999798279453712 1.0 0.9999931986304279 -0.9999938182810978
0.9999972869146614 0.9999907513943415 1.0 -0.9999898127971141 0.9999931986304279 1.0 -0.9999997089959447
-0.9999985251055306 -0.9999876370195828 -0.9999997089959447 0.999987501580947 -0.9999938182810978 -0.9999997089959447 1.0