1.0 0.9999999999999999 0.9999999999999999 -0.9999723105655339 0.9999971430245839 0.9999999999999999 -0.9999999720570427
0.9999999999999999 1.0 1.0 -0.9999723105655339 0.9999971430245839 1.0 -0.9999999720570426
0.9999999999999999 1.0 1.0 -0.9999723105655339 0.9999971430245839 1.0 -0.9999999720570426
-0.9999723105655339 -0.9999723105655339 -0.9999723105655339 1.0 -0.9999516652656628 -0.9999723105655339 0.9999705234031124
0.9999971430245839 0.9999971430245839 0.9999971430245839 -0.9999516652656628 1.0 0.9999971430245839 -0.9999976801736522
0.9999999999999999 1.0 1.0 -0.9999723105655339 0.9999971430245839 1.0 -0.9999999720570426
-0.9999999720570427 -0.9999999720570426 -0.9999999720570426 0.9999705234031124 -0.9999976801736522 -0.9999999720570426 1.0