1.0 0.9996473782407579 0.999635651456094 -0.9993412729203561 0.9999649484325553 0.9996653583895915 -0.9997999942005509
0.9996473782407579 1.0 0.9999928513346158 -0.9997043007848908 0.9995909792766794 0.9999934673494956 -0.9999702330089134
0.999635651456094 0.9999928513346158 1.0 -0.9996879068006145 0.9995782189608114 0.9999866425654823 -0.9999636554341855
-0.9993412729203561 -0.9997043007848908 -0.9996879068006145 1.0 -0.9991173631576828 -0.9997058717579522 0.9996353681272049
0.9999649484325553 0.9995909792766794 0.9995782189608114 -0.9991173631576828 1.0 0.9996115789835001 -0.9997654586915912
0.9996653583895915 0.9999934673494956 0.9999866425654823 -0.9997058717579522 0.9996115789835001 1.0 -0.9999800571756056
-0.9997999942005509 -0.9999702330089134 -0.9999636554341855 0.9996353681272049 -0.9997654586915912 -0.9999800571756056 1.0