1.0 0.9999670218860998 0.9999962025313114 -0.999996886283788 0.9999999782176625 0.9999962025313114 -0.9999985897534502
0.9999670218860998 1.0 0.9999856058788145 -0.9999841747606604 0.9999686951897987 0.9999856058788145 -0.9999792508167763
0.9999962025313114 0.9999856058788145 1.0 -0.9999999660935203 0.9999967559623636 1.0 -0.9999994206173186
-0.999996886283788 -0.9999841747606604 -0.9999999660935203 1.0 -0.9999973853620042 -0.9999999660935203 0.9999996670308265
0.9999999782176625 0.9999686951897987 0.9999967559623636 -0.9999973853620042 1.0 0.9999967559623636 -0.9999989185047051
0.9999962025313114 0.9999856058788145 1.0 -0.9999999660935203 0.9999967559623636 1.0 -0.9999994206173186
-0.9999985897534502 -0.9999792508167763 -0.9999994206173186 0.9999996670308265 -0.9999989185047051 -0.9999994206173186 1.0