1.0 -0.9998714187118583 -0.9998714187118583 0.999853034769123 0.9999481445477341 -0.9998714187118583 0.9996362393974548
-0.9998714187118583 1.0 1.0 -0.9999792053622836 -0.9998286399366134 1.0 -0.9999294191644632
-0.9998714187118583 1.0 1.0 -0.9999792053622836 -0.9998286399366134 1.0 -0.9999294191644632
0.999853034769123 -0.9999792053622836 -0.9999792053622836 1.0 0.9998745342879043 -0.9999792053622836 0.9998688347723819
0.9999481445477341 -0.9998286399366134 -0.9998286399366134 0.9998745342879043 1.0 -0.9998286399366134 0.9995389525313823
-0.9998714187118583 1.0 1.0 -0.9999792053622836 -0.9998286399366134 1.0 -0.9999294191644632
0.9996362393974548 -0.9999294191644632 -0.9999294191644632 0.9998688347723819 0.9995389525313823 -0.9999294191644632 1.0