1.0 -0.9999372394719748 -0.9999372394719748 0.9999020426946512 0.9999183925773966 -0.9999372394719748 0.9997988548065639
-0.9999372394719748 1.0 1.0 -0.9999659706465867 -0.9998591810982758 1.0 -0.9999432692178841
-0.9999372394719748 1.0 1.0 -0.9999659706465867 -0.9998591810982758 1.0 -0.9999432692178841
0.9999020426946512 -0.9999659706465867 -0.9999659706465867 1.0 0.9999286152864173 -0.9999659706465867 0.9998462026941481
0.9999183925773966 -0.9998591810982758 -0.9998591810982758 0.9999286152864173 1.0 -0.9998591810982758 0.9996241055031801
-0.9999372394719748 1.0 1.0 -0.9999659706465867 -0.9998591810982758 1.0 -0.9999432692178841
0.9997988548065639 -0.9999432692178841 -0.9999432692178841 0.9998462026941481 0.9996241055031801 -0.9999432692178841 1.0