1.0 -0.9998429245135392 -0.9998429245135392 0.999844140117629 0.9999781408200968 -0.9998429245135392 0.9995644636916264
-0.9998429245135392 1.0 1.0 -0.9999909073516065 -0.9998143517366467 1.0 -0.9999262720920734
-0.9998429245135392 1.0 1.0 -0.9999909073516065 -0.9998143517366467 1.0 -0.9999262720920734
0.999844140117629 -0.9999909073516065 -0.9999909073516065 1.0 0.9998427757941312 -0.9999909073516065 0.9998949527845636
0.9999781408200968 -0.9998143517366467 -0.9998143517366467 0.9998427757941312 1.0 -0.9998143517366467 0.9995070681101418
-0.9998429245135392 1.0 1.0 -0.9999909073516065 -0.9998143517366467 1.0 -0.9999262720920734
0.9995644636916264 -0.9999262720920734 -0.9999262720920734 0.9998949527845636 0.9995070681101418 -0.9999262720920734 1.0