1.0 -0.9999485359269918 -0.9999485359269918 0.9999269313816191 0.9999964124421615 -0.9999485359269918 0.9999270472590734
-0.9999485359269918 1.0 1.0 -0.9999979449128161 -0.9999658522813538 1.0 -0.9999980539708342
-0.9999485359269918 1.0 1.0 -0.9999979449128161 -0.9999658522813538 1.0 -0.9999980539708342
0.9999269313816191 -0.9999979449128161 -0.9999979449128161 1.0 0.9999488814490551 -0.9999979449128161 0.9999995494139204
0.9999964124421615 -0.9999658522813538 -0.9999658522813538 0.9999488814490551 1.0 -0.9999658522813538 0.9999476571314244
-0.9999485359269918 1.0 1.0 -0.9999979449128161 -0.9999658522813538 1.0 -0.9999980539708342
0.9999270472590734 -0.9999980539708342 -0.9999980539708342 0.9999995494139204 0.9999476571314244 -0.9999980539708342 1.0