1.0 -0.9994862895751851 -0.9994862895751851 0.9993869561061461 0.999988381262084 -0.9994862895751851 0.9992129484519487
-0.9994862895751851 1.0 1.0 -0.9999913764300674 -0.9994908660681812 1.0 -0.999970205998987
-0.9994862895751851 1.0 1.0 -0.9999913764300674 -0.9994908660681812 1.0 -0.999970205998987
0.9993869561061461 -0.9999913764300674 -0.9999913764300674 1.0 0.9994067632510198 -0.9999913764300674 0.9999791459761717
0.999988381262084 -0.9994908660681812 -0.9994908660681812 0.9994067632510198 1.0 -0.9994908660681812 0.9992150296197685
-0.9994862895751851 1.0 1.0 -0.9999913764300674 -0.9994908660681812 1.0 -0.999970205998987
0.9992129484519487 -0.999970205998987 -0.999970205998987 0.9999791459761717 0.9992150296197685 -0.999970205998987 1.0