1.0 -0.9992161496862113 -0.9992161496862113 0.999078825960621 0.9999933464158887 -0.9992161496862113 0.9987951488553682
-0.9992161496862113 1.0 1.0 -0.9999923044764265 -0.9992232716655355 1.0 -0.9999546593802967
-0.9992161496862113 1.0 1.0 -0.9999923044764265 -0.9992232716655355 1.0 -0.9999546593802967
0.999078825960621 -0.9999923044764265 -0.9999923044764265 1.0 0.9990941333788773 -0.9999923044764265 0.9999764974184124
0.9999933464158887 -0.9992232716655355 -0.9992232716655355 0.9990941333788773 1.0 -0.9992232716655355 0.9988027680283871
-0.9992161496862113 1.0 1.0 -0.9999923044764265 -0.9992232716655355 1.0 -0.9999546593802967
0.9987951488553682 -0.9999546593802967 -0.9999546593802967 0.9999764974184124 0.9988027680283871 -0.9999546593802967 1.0