1.0 -0.925422132668962 -0.925422132668962 0.923445958383171 0.988724499608961 -0.925422132668962 0.9129133101029758
-0.925422132668962 1.0 1.0 -0.9998919923642061 -0.9132332418284946 1.0 -0.9994552936511277
-0.925422132668962 1.0 1.0 -0.9998919923642061 -0.9132332418284946 1.0 -0.9994552936511277
0.923445958383171 -0.9998919923642061 -0.9998919923642061 1.0 0.9131135228883213 -0.9998919923642061 0.9993803158837464
0.988724499608961 -0.9132332418284946 -0.9132332418284946 0.9131135228883213 1.0 -0.9132332418284946 0.8993956365006239
-0.925422132668962 1.0 1.0 -0.9998919923642061 -0.9132332418284946 1.0 -0.9994552936511277
0.9129133101029758 -0.9994552936511277 -0.9994552936511277 0.9993803158837464 0.8993956365006239 -0.9994552936511277 1.0