1.0 -0.8751641609791032 -0.8751641609791032 0.8743643848177322 0.9653436412866615 -0.8751641609791032 0.8630649640373346
-0.8751641609791032 1.0 1.0 -0.9999392497284492 -0.8084846183718222 1.0 -0.9996730931169068
-0.8751641609791032 1.0 1.0 -0.9999392497284492 -0.8084846183718222 1.0 -0.9996730931169068
0.8743643848177322 -0.9999392497284492 -0.9999392497284492 1.0 0.8097007535290136 -0.9999392497284492 0.9995747200674692
0.9653436412866615 -0.8084846183718222 -0.8084846183718222 0.8097007535290136 1.0 -0.8084846183718222 0.7934301504458411
-0.8751641609791032 1.0 1.0 -0.9999392497284492 -0.8084846183718222 1.0 -0.9996730931169068
0.8630649640373346 -0.9996730931169068 -0.9996730931169068 0.9995747200674692 0.7934301504458411 -0.9996730931169068 1.0