1.0 -0.963308802905103 -0.963308802905103 0.9627126616648504 0.9978016320535068 -0.963308802905103 0.9563683619722937
-0.963308802905103 1.0 1.0 -0.9999746722713133 -0.9663317626301218 1.0 -0.9996859794426135
-0.963308802905103 1.0 1.0 -0.9999746722713133 -0.9663317626301218 1.0 -0.9996859794426135
0.9627126616648504 -0.9999746722713133 -0.9999746722713133 1.0 0.9660816411020829 -0.9999746722713133 0.9996877981727829
0.9978016320535068 -0.9663317626301218 -0.9663317626301218 0.9660816411020829 1.0 -0.9663317626301218 0.9596357226686023
-0.963308802905103 1.0 1.0 -0.9999746722713133 -0.9663317626301218 1.0 -0.9996859794426135
0.9563683619722937 -0.9996859794426135 -0.9996859794426135 0.9996877981727829 0.9596357226686023 -0.9996859794426135 1.0