1.0 0.6051857061896787 0.6051857061896787 -0.6012110648098699 0.9630463556166589 0.6051857061896787 -0.6248401077052269
0.6051857061896787 1.0 1.0 -0.9999506779617527 0.5042165303211869 1.0 -0.9996780308108656
0.6051857061896787 1.0 1.0 -0.9999506779617527 0.5042165303211869 1.0 -0.9996780308108656
-0.6012110648098699 -0.9999506779617527 -0.9999506779617527 1.0 -0.4985999565800638 -0.9999506779617527 0.9994715081586488
0.9630463556166589 0.5042165303211869 0.5042165303211869 -0.4985999565800638 1.0 0.5042165303211869 -0.5257812099115285
0.6051857061896787 1.0 1.0 -0.9999506779617527 0.5042165303211869 1.0 -0.9996780308108656
-0.6248401077052269 -0.9996780308108656 -0.9996780308108656 0.9994715081586488 -0.5257812099115285 -0.9996780308108656 1.0