1.0 -0.35775121764368 -0.357867812594598 0.3435171924586737 0.9812198180058285 -0.35713041713939436 0.3022146079887263
-0.35775121764368 1.0 0.9999985518464082 -0.9994538805954706 -0.35293983895518133 0.9999981435038942 -0.998221606280809
-0.357867812594598 0.9999985518464082 1.0 -0.9994455035817553 -0.3530270386359782 0.9999962564215386 -0.9982135000340032
0.3435171924586737 -0.9994538805954706 -0.9994455035817553 1.0 0.34329248468735973 -0.9994917347118704 0.9983152367133412
0.9812198180058285 -0.35293983895518133 -0.3530270386359782 0.34329248468735973 1.0 -0.3524276694644595 0.2967138195529345
-0.35713041713939436 0.9999981435038942 0.9999962564215386 -0.9994917347118704 -0.3524276694644595 1.0 -0.99825532624641
0.3022146079887263 -0.998221606280809 -0.9982135000340032 0.9983152367133412 0.2967138195529345 -0.99825532624641 1.0