1.0 -0.8368595670891822 -0.8368595670891822 0.8362223606028812 0.9959717017846861 -0.8368595670891822 0.8177113901079982
-0.8368595670891822 1.0 1.0 -0.9999612963212611 -0.8287429734595022 1.0 -0.9994099571563937
-0.8368595670891822 1.0 1.0 -0.9999612963212611 -0.8287429734595022 1.0 -0.9994099571563937
0.8362223606028812 -0.9999612963212611 -0.9999612963212611 1.0 0.8285739881655749 -0.9999612963212611 0.9993740437040701
0.9959717017846861 -0.8287429734595022 -0.8287429734595022 0.8285739881655749 1.0 -0.8287429734595022 0.809111580189246
-0.8368595670891822 1.0 1.0 -0.9999612963212611 -0.8287429734595022 1.0 -0.9994099571563937
0.8177113901079982 -0.9994099571563937 -0.9994099571563937 0.9993740437040701 0.809111580189246 -0.9994099571563937 1.0