1.0 -0.6989665506549559 -0.6989665506549559 0.6964793192574056 0.9810950379861346 -0.6989665506549559 0.6696253870620221
-0.6989665506549559 1.0 1.0 -0.999942714558815 -0.6050528337363015 1.0 -0.9991742484109937
-0.6989665506549559 1.0 1.0 -0.999942714558815 -0.6050528337363015 1.0 -0.9991742484109937
0.6964793192574056 -0.999942714558815 -0.999942714558815 1.0 0.6034684322115053 -0.999942714558815 0.9992001404696856
0.9810950379861346 -0.6050528337363015 -0.6050528337363015 0.6034684322115053 1.0 -0.6050528337363015 0.5723548488248396
-0.6989665506549559 1.0 1.0 -0.999942714558815 -0.6050528337363015 1.0 -0.9991742484109937
0.6696253870620221 -0.9991742484109937 -0.9991742484109937 0.9992001404696856 0.5723548488248396 -0.9991742484109937 1.0