1.0 -0.7586541571693788 -0.7586541571693788 0.758255020138981 0.9738069089623235 -0.7586541571693788 0.7425285516110146
-0.7586541571693788 1.0 1.0 -0.9999437056581538 -0.7354292388285042 1.0 -0.9996858916712189
-0.7586541571693788 1.0 1.0 -0.9999437056581538 -0.7354292388285042 1.0 -0.9996858916712189
0.758255020138981 -0.9999437056581538 -0.9999437056581538 1.0 0.7367498830766717 -0.9999437056581538 0.9995884948195463
0.9738069089623235 -0.7354292388285042 -0.7354292388285042 0.7367498830766717 1.0 -0.7354292388285042 0.7184017651199297
-0.7586541571693788 1.0 1.0 -0.9999437056581538 -0.7354292388285042 1.0 -0.9996858916712189
0.7425285516110146 -0.9996858916712189 -0.9996858916712189 0.9995884948195463 0.7184017651199297 -0.9996858916712189 1.0