1.0 -0.5488625752883617 -0.5494898496554669 0.5455107617634231 0.9669113080820059 -0.5481024269543391 0.5175789041904322
-0.5488625752883617 1.0 0.9999950674024549 -0.9999372260802915 -0.39860777306748685 0.9999928919961254 -0.999289043906655
-0.5494898496554669 0.9999950674024549 1.0 -0.9999188864956574 -0.39945432150903004 0.9999761170164234 -0.9992407877866156
0.5455107617634231 -0.9999372260802915 -0.9999188864956574 1.0 0.39617870711741193 -0.9999462130034357 0.9993405114385404
0.9669113080820059 -0.39860777306748685 -0.39945432150903004 0.39617870711741193 1.0 -0.3975863599207716 0.36403524513044466
-0.5481024269543391 0.9999928919961254 0.9999761170164234 -0.9999462130034357 -0.3975863599207716 1.0 -0.9993339518915872
0.5175789041904322 -0.999289043906655 -0.9992407877866156 0.9993405114385404 0.36403524513044466 -0.9993339518915872 1.0