1.0 -0.8505004881161186 -0.8505004881161186 0.8499059580801717 0.9741665334604355 -0.8505004881161186 0.8393354969749426
-0.8505004881161186 1.0 1.0 -0.9999594839869889 -0.7873583438907479 1.0 -0.9997688161684647
-0.8505004881161186 1.0 1.0 -0.9999594839869889 -0.7873583438907479 1.0 -0.9997688161684647
0.8499059580801717 -0.9999594839869889 -0.9999594839869889 1.0 0.7882569990346472 -0.9999594839869889 0.9997067534487228
0.9741665334604355 -0.7873583438907479 -0.7873583438907479 0.7882569990346472 1.0 -0.7873583438907479 0.7740466792084906
-0.8505004881161186 1.0 1.0 -0.9999594839869889 -0.7873583438907479 1.0 -0.9997688161684647
0.8393354969749426 -0.9997688161684647 -0.9997688161684647 0.9997067534487228 0.7740466792084906 -0.9997688161684647 1.0