1.0 -0.9176907182257975 -0.9176907182257975 0.9170858256061563 0.9933779911223253 -0.9176907182257975 0.9037249302246975
-0.9176907182257975 1.0 1.0 -0.9999285016706464 -0.9037273564402277 1.0 -0.9994047042097514
-0.9176907182257975 1.0 1.0 -0.9999285016706464 -0.9037273564402277 1.0 -0.9994047042097514
0.9170858256061563 -0.9999285016706464 -0.9999285016706464 1.0 0.9041086414039433 -0.9999285016706464 0.9993008837321847
0.9933779911223253 -0.9037273564402277 -0.9037273564402277 0.9041086414039433 1.0 -0.9037273564402277 0.8885137692336386
-0.9176907182257975 1.0 1.0 -0.9999285016706464 -0.9037273564402277 1.0 -0.9994047042097514
0.9037249302246975 -0.9994047042097514 -0.9994047042097514 0.9993008837321847 0.8885137692336386 -0.9994047042097514 1.0