1.0 -0.6625179500183854 -0.6625179500183854 0.6609218542944055 0.9707695649403796 -0.6625179500183854 0.64210743842514
-0.6625179500183854 1.0 1.0 -0.9999292796547318 -0.6686717239676726 1.0 -0.9996208190318534
-0.6625179500183854 1.0 1.0 -0.9999292796547318 -0.6686717239676726 1.0 -0.9996208190318534
0.6609218542944055 -0.9999292796547318 -0.9999292796547318 1.0 0.6692067228733081 -0.9999292796547318 0.9995400808720601
0.9707695649403796 -0.6686717239676726 -0.6686717239676726 0.6692067228733081 1.0 -0.6686717239676726 0.6482880285307144
-0.6625179500183854 1.0 1.0 -0.9999292796547318 -0.6686717239676726 1.0 -0.9996208190318534
0.64210743842514 -0.9996208190318534 -0.9996208190318534 0.9995400808720601 0.6482880285307144 -0.9996208190318534 1.0