1.0 0.6996666622038333 0.6996666622038333 -0.7012213270470277 0.9716995253508153 0.6996666622038333 -0.7162538586303017
0.6996666622038333 1.0 1.0 -0.9999244507489037 0.5932457096459562 1.0 -0.9997133198092076
0.6996666622038333 1.0 1.0 -0.9999244507489037 0.5932457096459562 1.0 -0.9997133198092076
-0.7012213270470277 -0.9999244507489037 -0.9999244507489037 1.0 -0.5928289515699913 -0.9999244507489037 0.999635820565148
0.9716995253508153 0.5932457096459562 0.5932457096459562 -0.5928289515699913 1.0 0.5932457096459562 -0.6122322032968143
0.6996666622038333 1.0 1.0 -0.9999244507489037 0.5932457096459562 1.0 -0.9997133198092076
-0.7162538586303017 -0.9997133198092076 -0.9997133198092076 0.999635820565148 -0.6122322032968143 -0.9997133198092076 1.0