1.0 -0.9249283018199688 -0.9249283018199688 0.9243660597949175 0.9844097609893183 -0.9249283018199688 0.9138375282525012
-0.9249283018199688 1.0 1.0 -0.9999456968693831 -0.8819773066586242 1.0 -0.9995771002278392
-0.9249283018199688 1.0 1.0 -0.9999456968693831 -0.8819773066586242 1.0 -0.9995771002278392
0.9243660597949175 -0.9999456968693831 -0.9999456968693831 1.0 0.8826887416393704 -0.9999456968693831 0.9994898117722152
0.9844097609893183 -0.8819773066586242 -0.8819773066586242 0.8826887416393704 1.0 -0.8819773066586242 0.868001496810164
-0.9249283018199688 1.0 1.0 -0.9999456968693831 -0.8819773066586242 1.0 -0.9995771002278392
0.9138375282525012 -0.9995771002278392 -0.9995771002278392 0.9994898117722152 0.868001496810164 -0.9995771002278392 1.0