1.0 -0.9273941493086764 -0.9273941493086764 0.927258947990653 0.99328843801729 -0.9273941493086764 0.9140650660605185
-0.9273941493086764 1.0 1.0 -0.9999405019424067 -0.9233786936727328 1.0 -0.9993922863183227
-0.9273941493086764 1.0 1.0 -0.9999405019424067 -0.9233786936727328 1.0 -0.9993922863183227
0.927258947990653 -0.9999405019424067 -0.9999405019424067 1.0 0.9242384527077541 -0.9999405019424067 0.9992664634533043
0.99328843801729 -0.9233786936727328 -0.9233786936727328 0.9242384527077541 1.0 -0.9233786936727328 0.9095674735843623
-0.9273941493086764 1.0 1.0 -0.9999405019424067 -0.9233786936727328 1.0 -0.9993922863183227
0.9140650660605185 -0.9993922863183227 -0.9993922863183227 0.9992664634533043 0.9095674735843623 -0.9993922863183227 1.0