1.0 -0.7528669766604446 -0.7528669766604446 0.7529163640748473 0.9304420901180441 -0.7528669766604446 0.7361358351890716
-0.7528669766604446 1.0 1.0 -0.9999599974707186 -0.5503531726846278 1.0 -0.9996639734873785
-0.7528669766604446 1.0 1.0 -0.9999599974707186 -0.5503531726846278 1.0 -0.9996639734873785
0.7529163640748473 -0.9999599974707186 -0.9999599974707186 1.0 0.5524110188831604 -0.9999599974707186 0.9995669978592718
0.9304420901180441 -0.5503531726846278 -0.5503531726846278 0.5524110188831604 1.0 -0.5503531726846278 0.5286895749844488
-0.7528669766604446 1.0 1.0 -0.9999599974707186 -0.5503531726846278 1.0 -0.9996639734873785
0.7361358351890716 -0.9996639734873785 -0.9996639734873785 0.9995669978592718 0.5286895749844488 -0.9996639734873785 1.0