1.0 0.6071420551792456 0.6071420551792456 -0.6073203802301799 0.9726570644823065 0.6071420551792456 -0.631585502322256
0.6071420551792456 1.0 1.0 -0.9999255157392078 0.6309278656229915 1.0 -0.999494721636129
0.6071420551792456 1.0 1.0 -0.9999255157392078 0.6309278656229915 1.0 -0.999494721636129
-0.6073203802301799 -0.9999255157392078 -0.9999255157392078 1.0 -0.6287298303882876 -0.9999255157392078 0.9993557149492756
0.9726570644823065 0.6309278656229915 0.6309278656229915 -0.6287298303882876 1.0 0.6309278656229915 -0.6551066867186783
0.6071420551792456 1.0 1.0 -0.9999255157392078 0.6309278656229915 1.0 -0.999494721636129
-0.631585502322256 -0.999494721636129 -0.999494721636129 0.9993557149492756 -0.6551066867186783 -0.999494721636129 1.0