1.0 -0.4432997643012887 -0.4432997643012887 0.4422670630315465 0.9557503565588931 -0.4432997643012887 0.42215964475094625
-0.4432997643012887 1.0 1.0 -0.9999623711888765 -0.5513637872256905 1.0 -0.9997176053820203
-0.4432997643012887 1.0 1.0 -0.9999623711888765 -0.5513637872256905 1.0 -0.9997176053820203
0.4422670630315465 -0.9999623711888765 -0.9999623711888765 1.0 0.5519834440989209 -0.9999623711888765 0.9996756137129883
0.9557503565588931 -0.5513637872256905 -0.5513637872256905 0.5519834440989209 1.0 -0.5513637872256905 0.5317369566342678
-0.4432997643012887 1.0 1.0 -0.9999623711888765 -0.5513637872256905 1.0 -0.9997176053820203
0.42215964475094625 -0.9997176053820203 -0.9997176053820203 0.9996756137129883 0.5317369566342678 -0.9997176053820203 1.0