1.0 -0.84537732410426 -0.84537732410426 0.8435793405974992 0.9854257946823837 -0.84537732410426 0.8320914873693196
-0.84537732410426 1.0 1.0 -0.9999057320718406 -0.8814867113769669 1.0 -0.999684482820637
-0.84537732410426 1.0 1.0 -0.9999057320718406 -0.8814867113769669 1.0 -0.999684482820637
0.8435793405974992 -0.9999057320718406 -0.9999057320718406 1.0 0.8814189973259254 -0.9999057320718406 0.9995896938626112
0.9854257946823837 -0.8814867113769669 -0.8814867113769669 0.8814189973259254 1.0 -0.8814867113769669 0.8694859289297587
-0.84537732410426 1.0 1.0 -0.9999057320718406 -0.8814867113769669 1.0 -0.999684482820637
0.8320914873693196 -0.999684482820637 -0.999684482820637 0.9995896938626112 0.8694859289297587 -0.999684482820637 1.0