1.0 -0.9382710233336762 -0.9382710233336762 0.9393514472908391 0.9770264380228266 -0.9382710233336762 0.9267979596156233
-0.9382710233336762 1.0 1.0 -0.9999245561609824 -0.862681699784999 1.0 -0.9994637307126752
-0.9382710233336762 1.0 1.0 -0.9999245561609824 -0.862681699784999 1.0 -0.9994637307126752
0.9393514472908391 -0.9999245561609824 -0.9999245561609824 1.0 0.8656728995326364 -0.9999245561609824 0.9991913116511721
0.9770264380228266 -0.862681699784999 -0.862681699784999 0.8656728995326364 1.0 -0.862681699784999 0.8457318281269698
-0.9382710233336762 1.0 1.0 -0.9999245561609824 -0.862681699784999 1.0 -0.9994637307126752
0.9267979596156233 -0.9994637307126752 -0.9994637307126752 0.9991913116511721 0.8457318281269698 -0.9994637307126752 1.0