1.0 0.4994705239717933 0.4994705239717933 -0.5024997729864027 0.9573580414698546 0.4994705239717933 -0.5199163284914732
0.4994705239717933 1.0 1.0 -0.9999323590732321 0.6032358126734567 1.0 -0.9997052663572432
0.4994705239717933 1.0 1.0 -0.9999323590732321 0.6032358126734567 1.0 -0.9997052663572432
-0.5024997729864027 -0.9999323590732321 -0.9999323590732321 1.0 -0.603484573247552 -0.9999323590732321 0.999669993112314
0.9573580414698546 0.6032358126734567 0.6032358126734567 -0.603484573247552 1.0 0.6032358126734567 -0.6222450726630765
0.4994705239717933 1.0 1.0 -0.9999323590732321 0.6032358126734567 1.0 -0.9997052663572432
-0.5199163284914732 -0.9997052663572432 -0.9997052663572432 0.999669993112314 -0.6222450726630765 -0.9997052663572432 1.0