1.0 -0.8236002817824735 -0.8236002817824735 0.8239074834333882 0.9565526049471463 -0.8236002817824735 0.809349909036617
-0.8236002817824735 1.0 1.0 -0.9999514119922874 -0.6959603842551388 1.0 -0.9996803085813537
-0.8236002817824735 1.0 1.0 -0.9999514119922874 -0.6959603842551388 1.0 -0.9996803085813537
0.8239074834333882 -0.9999514119922874 -0.9999514119922874 1.0 0.6980509700328508 -0.9999514119922874 0.9995644619520914
0.9565526049471463 -0.6959603842551388 -0.6959603842551388 0.6980509700328508 1.0 -0.6959603842551388 0.6778893806360591
-0.8236002817824735 1.0 1.0 -0.9999514119922874 -0.6959603842551388 1.0 -0.9996803085813537
0.809349909036617 -0.9996803085813537 -0.9996803085813537 0.9995644619520914 0.6778893806360591 -0.9996803085813537 1.0