1.0 -0.8758689604521125 -0.8758689604521125 0.8740284351396733 0.9838121004952868 -0.8758689604521125 0.8647108968277218
-0.8758689604521125 1.0 1.0 -0.9999235647844558 -0.8615147307434546 1.0 -0.9997206861808154
-0.8758689604521125 1.0 1.0 -0.9999235647844558 -0.8615147307434546 1.0 -0.9997206861808154
0.8740284351396733 -0.9999235647844558 -0.9999235647844558 1.0 0.8613389517030683 -0.9999235647844558 0.9996520123424597
0.9838121004952868 -0.8615147307434546 -0.8615147307434546 0.8613389517030683 1.0 -0.8615147307434546 0.8493707753616158
-0.8758689604521125 1.0 1.0 -0.9999235647844558 -0.8615147307434546 1.0 -0.9997206861808154
0.8647108968277218 -0.9997206861808154 -0.9997206861808154 0.9996520123424597 0.8493707753616158 -0.9997206861808154 1.0