1.0 0.9745658945909113 0.9746287468081295 -0.9740729723967417 0.991529642820209 0.9748421841411334 -0.979252459145364
0.9745658945909113 1.0 0.9999739551302981 -0.9994017545144804 0.9513554584337216 0.9999791770420208 -0.9997202363253251
0.9746287468081295 0.9999739551302981 1.0 -0.9994972278934233 0.9510837754127046 0.9999708679676925 -0.9996912297314985
-0.9740729723967417 -0.9994017545144804 -0.9994972278934233 1.0 -0.9473895953780702 -0.9994911986954927 0.9989622773214522
0.991529642820209 0.9513554584337216 0.9510837754127046 -0.9473895953780702 1.0 0.9514994383692019 -0.9581105381003721
0.9748421841411334 0.9999791770420208 0.9999708679676925 -0.9994911986954927 0.9514994383692019 1.0 -0.9997496521957138
-0.979252459145364 -0.9997202363253251 -0.9996912297314985 0.9989622773214522 -0.9581105381003721 -0.9997496521957138 1.0