1.0 -0.7586964566700153 -0.7586964566700153 0.7602286035723336 0.9605808026855651 -0.7586964566700153 0.7411008390788605
-0.7586964566700153 1.0 1.0 -0.9999631254560655 -0.630523614128551 1.0 -0.999632306462178
-0.7586964566700153 1.0 1.0 -0.9999631254560655 -0.630523614128551 1.0 -0.999632306462178
0.7602286035723336 -0.9999631254560655 -0.9999631254560655 1.0 0.633612524506977 -0.9999631254560655 0.9994914117442484
0.9605808026855651 -0.630523614128551 -0.630523614128551 0.633612524506977 1.0 -0.630523614128551 0.6094832886319813
-0.7586964566700153 1.0 1.0 -0.9999631254560655 -0.630523614128551 1.0 -0.999632306462178
0.7411008390788605 -0.999632306462178 -0.999632306462178 0.9994914117442484 0.6094832886319813 -0.999632306462178 1.0