1.0 -0.11863087429190197 -0.11863087429190197 0.11680476448491096 0.9701881289281895 -0.11863087429190197 0.09496091097474363
-0.11863087429190197 1.0 1.0 -0.9999721690620686 -0.11299974210564273 1.0 -0.999710553809327
-0.11863087429190197 1.0 1.0 -0.9999721690620686 -0.11299974210564273 1.0 -0.999710553809327
0.11680476448491096 -0.9999721690620686 -0.9999721690620686 1.0 0.11255446929857492 -0.9999721690620686 0.9997026718838287
0.9701881289281895 -0.11299974210564273 -0.11299974210564273 0.11255446929857492 1.0 -0.11299974210564273 0.08927513909157601
-0.11863087429190197 1.0 1.0 -0.9999721690620686 -0.11299974210564273 1.0 -0.999710553809327
0.09496091097474363 -0.999710553809327 -0.999710553809327 0.9997026718838287 0.08927513909157601 -0.999710553809327 1.0