1.0 -0.38273104161156973 -0.3832864690140553 0.3789842921772829 0.9103875946244637 -0.3820578431020979 0.3606724855635658
-0.38273104161156973 1.0 0.9999921355635636 -0.9999366122245471 -0.1049449870455911 0.9999887172194889 -0.9996859539750308
-0.3832864690140553 0.9999921355635636 1.0 -0.9999076740196263 -0.10605883051623255 0.9999620133536734 -0.9996392506000726
0.3789842921772829 -0.9999366122245471 -0.9999076740196263 1.0 0.10246945744243938 -0.9999505723109748 0.9997054381647569
0.9103875946244637 -0.1049449870455911 -0.10605883051623255 0.10246945744243938 1.0 -0.10360868469452704 0.08037693714678246
-0.3820578431020979 0.9999887172194889 0.9999620133536734 -0.9999505723109748 -0.10360868469452704 1.0 -0.999721197861184
0.3606724855635658 -0.9996859539750308 -0.9996392506000726 0.9997054381647569 0.08037693714678246 -0.999721197861184 1.0