1.0 -0.9996750304269421 -0.9996750304269421 0.9996240437079309 0.9999972447204653 -0.9996750304269421 0.9994445742192195
-0.9996750304269421 1.0 1.0 -0.9999977433649628 -0.9996685718880021 1.0 -0.9999691745588041
-0.9996750304269421 1.0 1.0 -0.9999977433649628 -0.9996685718880021 1.0 -0.9999691745588041
0.9996240437079309 -0.9999977433649628 -0.9999977433649628 1.0 0.999619307390791 -0.9999977433649628 0.9999813824824058
0.9999972447204653 -0.9996685718880021 -0.9996685718880021 0.999619307390791 1.0 -0.9996685718880021 0.9994357189290312
-0.9996750304269421 1.0 1.0 -0.9999977433649628 -0.9996685718880021 1.0 -0.9999691745588041
0.9994445742192195 -0.9999691745588041 -0.9999691745588041 0.9999813824824058 0.9994357189290312 -0.9999691745588041 1.0