1.0 -0.9991269290606097 -0.9991269290606097 0.9990894710201892 0.9999876672075659 -0.9991269290606097 0.9984508200037868
-0.9991269290606097 1.0 1.0 -0.9999958830679501 -0.9990441888343397 1.0 -0.9999028605556582
-0.9991269290606097 1.0 1.0 -0.9999958830679501 -0.9990441888343397 1.0 -0.9999028605556582
0.9990894710201892 -0.9999958830679501 -0.9999958830679501 1.0 0.9990170274680388 -0.9999958830679501 0.9999059825812311
0.9999876672075659 -0.9990441888343397 -0.9990441888343397 0.9990170274680388 1.0 -0.9990441888343397 0.9983382315773285
-0.9991269290606097 1.0 1.0 -0.9999958830679501 -0.9990441888343397 1.0 -0.9999028605556582
0.9984508200037868 -0.9999028605556582 -0.9999028605556582 0.9999059825812311 0.9983382315773285 -0.9999028605556582 1.0