1.0 -0.999267845360169 -0.999267845360169 0.9991794015303085 0.9999967991474812 -0.999267845360169 0.998734749545216
-0.999267845360169 1.0 1.0 -0.9999973883207934 -0.9993086362033591 1.0 -0.9999274053895341
-0.999267845360169 1.0 1.0 -0.9999973883207934 -0.9993086362033591 1.0 -0.9999274053895341
0.9991794015303085 -0.9999973883207934 -0.9999973883207934 1.0 0.9992231532226281 -0.9999973883207934 0.9999516918721616
0.9999967991474812 -0.9993086362033591 -0.9993086362033591 0.9992231532226281 1.0 -0.9993086362033591 0.9987885583959228
-0.999267845360169 1.0 1.0 -0.9999973883207934 -0.9993086362033591 1.0 -0.9999274053895341
0.998734749545216 -0.9999274053895341 -0.9999274053895341 0.9999516918721616 0.9987885583959228 -0.9999274053895341 1.0