1.0 -0.9997020713317822 -0.9997020713317822 0.9996649048865467 0.9999831035838482 -0.9997020713317822 0.9988149933696081
-0.9997020713317822 1.0 1.0 -0.9999850383355012 -0.9996896810457238 1.0 -0.9996970489306088
-0.9997020713317822 1.0 1.0 -0.9999850383355012 -0.9996896810457238 1.0 -0.9996970489306088
0.9996649048865467 -0.9999850383355012 -0.9999850383355012 1.0 0.999681683449236 -0.9999850383355012 0.9996738735437765
0.9999831035838482 -0.9996896810457238 -0.9996896810457238 0.999681683449236 1.0 -0.9996896810457238 0.9987744637867044
-0.9997020713317822 1.0 1.0 -0.9999850383355012 -0.9996896810457238 1.0 -0.9996970489306088
0.9988149933696081 -0.9996970489306088 -0.9996970489306088 0.9996738735437765 0.9987744637867044 -0.9996970489306088 1.0