1.0 -0.9993309329689567 -0.9993309329689567 0.9993234476476994 0.9999881502484744 -0.9993309329689567 0.9973258016472742
-0.9993309329689567 1.0 1.0 -0.999990438733495 -0.9993275926782945 1.0 -0.9993263267346656
-0.9993309329689567 1.0 1.0 -0.999990438733495 -0.9993275926782945 1.0 -0.9993263267346656
0.9993234476476994 -0.999990438733495 -0.999990438733495 1.0 0.9993390195478629 -0.999990438733495 0.9992958533501468
0.9999881502484744 -0.9993275926782945 -0.9993275926782945 0.9993390195478629 1.0 -0.9993275926782945 0.997309572449479
-0.9993309329689567 1.0 1.0 -0.999990438733495 -0.9993275926782945 1.0 -0.9993263267346656
0.9973258016472742 -0.9993263267346656 -0.9993263267346656 0.9992958533501468 0.997309572449479 -0.9993263267346656 1.0