1.0 -0.9995626332942226 -0.9995626332942226 0.9995444752357945 0.9999860453867048 -0.9995626332942226 0.9982739820198895
-0.9995626332942226 1.0 1.0 -0.9999927443836406 -0.9995820576902608 1.0 -0.9995672522860622
-0.9995626332942226 1.0 1.0 -0.9999927443836406 -0.9995820576902608 1.0 -0.9995672522860622
0.9995444752357945 -0.9999927443836406 -0.9999927443836406 1.0 0.9995815434168542 -0.9999927443836406 0.9995515813158149
0.9999860453867048 -0.9995820576902608 -0.9995820576902608 0.9995815434168542 1.0 -0.9995820576902608 0.9983008704699005
-0.9995626332942226 1.0 1.0 -0.9999927443836406 -0.9995820576902608 1.0 -0.9995672522860622
0.9982739820198895 -0.9995672522860622 -0.9995672522860622 0.9995515813158149 0.9983008704699005 -0.9995672522860622 1.0