1.0 -0.9996141632616203 -0.9996141632616203 0.9996120044308775 0.9999839134864864 -0.9996141632616203 0.99840751985896
-0.9996141632616203 1.0 1.0 -0.9999913962986604 -0.9995988276982677 1.0 -0.9995803255126245
-0.9996141632616203 1.0 1.0 -0.9999913962986604 -0.9995988276982677 1.0 -0.9995803255126245
0.9996120044308775 -0.9999913962986604 -0.9999913962986604 1.0 0.9996175215142596 -0.9999913962986604 0.9995419917539732
0.9999839134864864 -0.9995988276982677 -0.9995988276982677 0.9996175215142596 1.0 -0.9995988276982677 0.9983607464460283
-0.9996141632616203 1.0 1.0 -0.9999913962986604 -0.9995988276982677 1.0 -0.9995803255126245
0.99840751985896 -0.9995803255126245 -0.9995803255126245 0.9995419917539732 0.9983607464460283 -0.9995803255126245 1.0