1.0 0.8233173826164465 0.9179284946660817 -0.9992966806241969 0.999997876895994 0.9979878760842334 -0.999888844379815
0.8233173826164465 1.0 0.9783463369019935 -0.8308222787590634 0.8231042231396953 0.8509077317754973 -0.8300670744200674
0.9179284946660817 0.9783463369019935 1.0 -0.9221877504300339 0.9177108114086423 0.9370800890163874 -0.9223646897266068
-0.9992966806241969 -0.8308222787590634 -0.9221877504300339 1.0 -0.9993330193294592 -0.9979638838145477 0.9996296233529951
0.999997876895994 0.8231042231396953 0.9177108114086423 -0.9993330193294592 1.0 0.9979703913149813 -0.9998955657639153
0.9979878760842334 0.8509077317754973 0.9370800890163874 -0.9979638838145477 0.9979703913149813 1.0 -0.9984913899370151
-0.999888844379815 -0.8300670744200674 -0.9223646897266068 0.9996296233529951 -0.9998955657639153 -0.9984913899370151 1.0