1.0 0.7308881370273669 0.8840915438601014 -0.9995840952267696 0.999999067400172 0.9974119514865359 -0.9999466116521988
0.7308881370273669 1.0 0.9627992460735868 -0.7308512492105088 0.7304944214102703 0.76691816562904 -0.7371406618553625
0.8840915438601014 0.9627992460735868 1.0 -0.8832806919296792 0.8837942984969529 0.9089445634267429 -0.8882150409104633
-0.9995840952267696 -0.7308512492105088 -0.8832806919296792 1.0 -0.9996040575732691 -0.9968621537540483 0.9996535630615948
0.999999067400172 0.7304944214102703 0.8837942984969529 -0.9996040575732691 1.0 0.9973760547782301 -0.9999431976068325
0.9974119514865359 0.76691816562904 0.9089445634267429 -0.9968621537540483 0.9973760547782301 1.0 -0.9978227385410781
-0.9999466116521988 -0.7371406618553625 -0.8882150409104633 0.9996535630615948 -0.9999431976068325 -0.9978227385410781 1.0