1.0 0.9691369362626902 0.9917363950289447 -0.9991803515210752 0.9999963114444325 0.9997198695912273 -0.9998508606374467
0.9691369362626902 1.0 0.991486921433763 -0.9759835515356551 0.9695783659370699 0.9738937738658188 -0.9726307684773307
0.9917363950289447 0.991486921433763 1.0 -0.9948091954817028 0.9919342098049915 0.9940396211608774 -0.9934482816632237
-0.9991803515210752 -0.9759835515356551 -0.9948091954817028 1.0 -0.9992602503868521 -0.9998137757843354 0.9996952914047884
0.9999963114444325 0.9695783659370699 0.9919342098049915 -0.9992602503868521 1.0 0.9997703117100548 -0.9998874113884972
0.9997198695912273 0.9738937738658188 0.9940396211608774 -0.9998137757843354 0.9997703117100548 1.0 -0.9999793018503205
-0.9998508606374467 -0.9726307684773307 -0.9934482816632237 0.9996952914047884 -0.9998874113884972 -0.9999793018503205 1.0