1.0 -0.32924111545549994 -0.17061735914477766 0.056167467910654335 0.9998973256662207 -0.006200928428807613 -0.5279686387761013
-0.32924111545549994 1.0 0.9659079112766735 -0.806711878049723 -0.3327889882065135 0.8738739699424625 -0.5131709530097379
-0.17061735914477766 0.9659079112766735 1.0 -0.8988350108616359 -0.1743279246375132 0.964456121800661 -0.6871461633036772
0.056167467910654335 -0.806711878049723 -0.8988350108616359 1.0 0.060240285964597504 -0.9534575924897645 0.8068819396157786
0.9998973256662207 -0.3327889882065135 -0.1743279246375132 0.060240285964597504 1.0 -0.00984476923968211 -0.5249898282140009
-0.006200928428807613 0.8738739699424625 0.964456121800661 -0.9534575924897645 -0.00984476923968211 1.0 -0.8299037561392213
-0.5279686387761013 -0.5131709530097379 -0.6871461633036772 0.8068819396157786 -0.5249898282140009 -0.8299037561392213 1.0