1.0 0.23673971102241417 0.6825253028842628 -0.9695858115620154 0.999997473073382 0.9309740605535907 -0.9998936453972109
0.23673971102241417 1.0 0.8342906631826903 -0.21830911734869676 0.23760642225588502 0.523091692258643 -0.24861957160483295
0.6825253028842628 0.8342906631826903 1.0 -0.6328202575278148 0.6828633767798716 0.8901801287472778 -0.6898150514284025
-0.9695858115620154 -0.21830911734869676 -0.6328202575278148 1.0 -0.9696638577848982 -0.8701905680557948 0.9700796180415017
0.999997473073382 0.23760642225588502 0.6828633767798716 -0.9696638577848982 1.0 0.9310663126591756 -0.999916009995548
0.9309740605535907 0.523091692258643 0.8901801287472778 -0.8701905680557948 0.9310663126591756 1.0 -0.9337295459546213
-0.9998936453972109 -0.24861957160483295 -0.6898150514284025 0.9700796180415017 -0.999916009995548 -0.9337295459546213 1.0