1.0 0.3717551928751047 0.8844331379534816 -0.9844195614474562 0.9999973423493733 0.9783209341505751 -0.9998842542203797
0.3717551928751047 1.0 0.7386430458238755 -0.3748341289475176 0.3730172931718806 0.5247165788893072 -0.38389872465120595
0.8844331379534816 0.7386430458238755 1.0 -0.8712881390378804 0.8848912750780857 0.9556268114728502 -0.8896176431454905
-0.9844195614474562 -0.3748341289475176 -0.8712881390378804 1.0 -0.9844289323878965 -0.9564807991092221 0.9847840472709185
0.9999973423493733 0.3730172931718806 0.8848912750780857 -0.9844289323878965 1.0 0.9784975921496067 -0.9999105478533553
0.9783209341505751 0.5247165788893072 0.9556268114728502 -0.9564807991092221 0.9784975921496067 1.0 -0.9800212904703667
-0.9998842542203797 -0.38389872465120595 -0.8896176431454905 0.9847840472709185 -0.9999105478533553 -0.9800212904703667 1.0