1.0 0.1345677507356016 0.5596593577597191 -0.9577207997005726 0.9999975794277843 0.9011739580815239 -0.999909998841409
0.1345677507356016 1.0 0.8668755136093185 -0.10767517518028542 0.13520190022001613 0.4964054781931223 -0.1456208614857754
0.5596593577597191 0.8668755136093185 1.0 -0.4831175009038222 0.5598672286162352 0.848250619335398 -0.5673659689011377
-0.9577207997005726 -0.10767517518028542 -0.4831175009038222 1.0 -0.9578563547472028 -0.809853535081669 0.958309586737364
0.9999975794277843 0.13520190022001613 0.5598672286162352 -0.9578563547472028 1.0 0.9011804472556055 -0.9999287461168355
0.9011739580815239 0.4964054781931223 0.848250619335398 -0.809853535081669 0.9011804472556055 1.0 -0.9042373271744266
-0.999909998841409 -0.1456208614857754 -0.5673659689011377 0.958309586737364 -0.9999287461168355 -0.9042373271744266 1.0