1.0 -0.9994684716214929 -0.9994684716214929 0.9994755835101855 0.9999849758775728 -0.9994684716214929 0.9978536269865499
-0.9994684716214929 1.0 1.0 -0.9999933706402696 -0.9994646963047865 1.0 -0.9994504093663431
-0.9994684716214929 1.0 1.0 -0.9999933706402696 -0.9994646963047865 1.0 -0.9994504093663431
0.9994755835101855 -0.9999933706402696 -0.9999933706402696 1.0 0.9994855444196458 -0.9999933706402696 0.9994128477859094
0.9999849758775728 -0.9994646963047865 -0.9994646963047865 0.9994855444196458 1.0 -0.9994646963047865 0.9978334762963005
-0.9994684716214929 1.0 1.0 -0.9999933706402696 -0.9994646963047865 1.0 -0.9994504093663431
0.9978536269865499 -0.9994504093663431 -0.9994504093663431 0.9994128477859094 0.9978334762963005 -0.9994504093663431 1.0