1.0 -0.9993784182491643 -0.9993784182491643 0.999378219333593 0.9999845672298573 -0.9993784182491643 0.9974266261319903
-0.9993784182491643 1.0 1.0 -0.9999908464281088 -0.9993513524769069 1.0 -0.9993268115758206
-0.9993784182491643 1.0 1.0 -0.9999908464281088 -0.9993513524769069 1.0 -0.9993268115758206
0.999378219333593 -0.9999908464281088 -0.9999908464281088 1.0 0.9993709952394902 -0.9999908464281088 0.9992865630868759
0.9999845672298573 -0.9993513524769069 -0.9993513524769069 0.9993709952394902 1.0 -0.9993513524769069 0.9973591135590857
-0.9993784182491643 1.0 1.0 -0.9999908464281088 -0.9993513524769069 1.0 -0.9993268115758206
0.9974266261319903 -0.9993268115758206 -0.9993268115758206 0.9992865630868759 0.9973591135590857 -0.9993268115758206 1.0