1.0 -0.9996291670617092 -0.9996291670617092 0.9996274669220173 0.9999860018691376 -0.9996291670617092 0.9985023041178923
-0.9996291670617092 1.0 1.0 -0.9999910685957336 -0.999631701391013 1.0 -0.999615303335254
-0.9996291670617092 1.0 1.0 -0.9999910685957336 -0.999631701391013 1.0 -0.999615303335254
0.9996274669220173 -0.9999910685957336 -0.9999910685957336 1.0 0.999647877001565 -0.9999910685957336 0.999579362608066
0.9999860018691376 -0.999631701391013 -0.999631701391013 0.999647877001565 1.0 -0.999631701391013 0.9984967059616512
-0.9996291670617092 1.0 1.0 -0.9999910685957336 -0.999631701391013 1.0 -0.999615303335254
0.9985023041178923 -0.999615303335254 -0.999615303335254 0.999579362608066 0.9984967059616512 -0.999615303335254 1.0