1.0 -0.9993828682896546 -0.9993828682896546 0.9993782345814533 0.9999922653032706 -0.9993828682896546 0.997504026583688
-0.9993828682896546 1.0 1.0 -0.9999928949906758 -0.9993333948158917 1.0 -0.9993640154093764
-0.9993828682896546 1.0 1.0 -0.9999928949906758 -0.9993333948158917 1.0 -0.9993640154093764
0.9993782345814533 -0.9999928949906758 -0.9999928949906758 1.0 0.9993409734171829 -0.9999928949906758 0.9993386794707868
0.9999922653032706 -0.9993333948158917 -0.9993333948158917 0.9993409734171829 1.0 -0.9993333948158917 0.9973976848843895
-0.9993828682896546 1.0 1.0 -0.9999928949906758 -0.9993333948158917 1.0 -0.9993640154093764
0.997504026583688 -0.9993640154093764 -0.9993640154093764 0.9993386794707868 0.9973976848843895 -0.9993640154093764 1.0