1.0 -0.9994619191430864 -0.9994619191430864 0.9994243252277524 0.9999928711396217 -0.9994619191430864 0.9979000872900617
-0.9994619191430864 1.0 1.0 -0.9999952196634551 -0.9994893797687157 1.0 -0.9994849553253862
-0.9994619191430864 1.0 1.0 -0.9999952196634551 -0.9994893797687157 1.0 -0.9994849553253862
0.9994243252277524 -0.9999952196634551 -0.9999952196634551 1.0 0.9994590252963732 -0.9999952196634551 0.9995042500287251
0.9999928711396217 -0.9994893797687157 -0.9994893797687157 0.9994590252963732 1.0 -0.9994893797687157 0.997951249744317
-0.9994619191430864 1.0 1.0 -0.9999952196634551 -0.9994893797687157 1.0 -0.9994849553253862
0.9979000872900617 -0.9994849553253862 -0.9994849553253862 0.9995042500287251 0.997951249744317 -0.9994849553253862 1.0