1.0 -0.9996287744531099 -0.9996287744531099 0.9996506885804599 0.9999854391254216 -0.9996287744531099 0.9984550630221087
-0.9996287744531099 1.0 1.0 -0.9999912496960977 -0.9996049092913474 1.0 -0.999592719159545
-0.9996287744531099 1.0 1.0 -0.9999912496960977 -0.9996049092913474 1.0 -0.999592719159545
0.9996506885804599 -0.9999912496960977 -0.9999912496960977 1.0 0.9996452910499416 -0.9999912496960977 0.9995341132710025
0.9999854391254216 -0.9996049092913474 -0.9996049092913474 0.9996452910499416 1.0 -0.9996049092913474 0.9983975330784151
-0.9996287744531099 1.0 1.0 -0.9999912496960977 -0.9996049092913474 1.0 -0.999592719159545
0.9984550630221087 -0.999592719159545 -0.999592719159545 0.9995341132710025 0.9983975330784151 -0.999592719159545 1.0