1.0 -0.9995581310390362 -0.9995581310390362 0.9995471917774218 0.9999926251104647 -0.9995581310390362 0.9982052047903716
-0.9995581310390362 1.0 1.0 -0.9999961125299341 -0.9995533685565188 1.0 -0.999539567348941
-0.9995581310390362 1.0 1.0 -0.9999961125299341 -0.9995533685565188 1.0 -0.999539567348941
0.9995471917774218 -0.9999961125299341 -0.9999961125299341 1.0 0.9995507121382968 -0.9999961125299341 0.9995314995948454
0.9999926251104647 -0.9995533685565188 -0.9995533685565188 0.9995507121382968 1.0 -0.9995533685565188 0.9981888523796462
-0.9995581310390362 1.0 1.0 -0.9999961125299341 -0.9995533685565188 1.0 -0.999539567348941
0.9982052047903716 -0.999539567348941 -0.999539567348941 0.9995314995948454 0.9981888523796462 -0.999539567348941 1.0