1.0 -0.9996002909879798 -0.9996002909879798 0.9995785978898071 0.9999909452120069 -0.9996002909879798 0.9983901602191263
-0.9996002909879798 1.0 1.0 -0.9999949849454559 -0.9995947719737911 1.0 -0.9995904065959049
-0.9996002909879798 1.0 1.0 -0.9999949849454559 -0.9995947719737911 1.0 -0.9995904065959049
0.9995785978898071 -0.9999949849454559 -0.9999949849454559 1.0 0.9995835712602539 -0.9999949849454559 0.9995902402181415
0.9999909452120069 -0.9995947719737911 -0.9995947719737911 0.9995835712602539 1.0 -0.9995947719737911 0.9983726055160529
-0.9996002909879798 1.0 1.0 -0.9999949849454559 -0.9995947719737911 1.0 -0.9995904065959049
0.9983901602191263 -0.9995904065959049 -0.9995904065959049 0.9995902402181415 0.9983726055160529 -0.9995904065959049 1.0