1.0 -0.9995152582465975 -0.9995152582465975 0.999489626338155 0.999989988644618 -0.9995152582465975 0.9981162522917858
-0.9995152582465975 1.0 1.0 -0.9999943782203659 -0.999543518094069 1.0 -0.9995386672347543
-0.9995152582465975 1.0 1.0 -0.9999943782203659 -0.999543518094069 1.0 -0.9995386672347543
0.999489626338155 -0.9999943782203659 -0.9999943782203659 1.0 0.9995285273445659 -0.9999943782203659 0.9995408092642468
0.999989988644618 -0.999543518094069 -0.999543518094069 0.9995285273445659 1.0 -0.999543518094069 0.9981669192149459
-0.9995152582465975 1.0 1.0 -0.9999943782203659 -0.999543518094069 1.0 -0.9995386672347543
0.9981162522917858 -0.9995386672347543 -0.9995386672347543 0.9995408092642468 0.9981669192149459 -0.9995386672347543 1.0