1.0 -0.9996836194930087 -0.9996836194930087 0.9996806077522268 0.9999891135069453 -0.9996836194930087 0.9987079553680291
-0.9996836194930087 1.0 1.0 -0.9999942118933912 -0.9996880461232035 1.0 -0.9996648660855738
-0.9996836194930087 1.0 1.0 -0.9999942118933912 -0.9996880461232035 1.0 -0.9996648660855738
0.9996806077522268 -0.9999942118933912 -0.9999942118933912 1.0 0.9996979772880283 -0.9999942118933912 0.999641119306078
0.9999891135069453 -0.9996880461232035 -0.9996880461232035 0.9996979772880283 1.0 -0.9996880461232035 0.9987083693156514
-0.9996836194930087 1.0 1.0 -0.9999942118933912 -0.9996880461232035 1.0 -0.9996648660855738
0.9987079553680291 -0.9996648660855738 -0.9996648660855738 0.999641119306078 0.9987083693156514 -0.9996648660855738 1.0