1.0 -0.9997109589608436 -0.9997109589608436 0.9997158915939872 0.999983894833977 -0.9997109589608436 0.9988142260728528
-0.9997109589608436 1.0 1.0 -0.9999924967476618 -0.9997055457808529 1.0 -0.999689239325433
-0.9997109589608436 1.0 1.0 -0.9999924967476618 -0.9997055457808529 1.0 -0.999689239325433
0.9997158915939872 -0.9999924967476618 -0.9999924967476618 1.0 0.999728511528606 -0.9999924967476618 0.9996500275045072
0.999983894833977 -0.9997055457808529 -0.9997055457808529 0.999728511528606 1.0 -0.9997055457808529 0.9987920719390128
-0.9997109589608436 1.0 1.0 -0.9999924967476618 -0.9997055457808529 1.0 -0.999689239325433
0.9988142260728528 -0.999689239325433 -0.999689239325433 0.9996500275045072 0.9987920719390128 -0.999689239325433 1.0