1.0 -0.9995289739770971 -0.9995289739770971 0.999508983504801 0.9999877284861661 -0.9995289739770971 0.9980370346195484
-0.9995289739770971 1.0 1.0 -0.999991956714984 -0.9994888986956926 1.0 -0.9994840975049009
-0.9995289739770971 1.0 1.0 -0.999991956714984 -0.9994888986956926 1.0 -0.9994840975049009
0.999508983504801 -0.999991956714984 -0.999991956714984 1.0 0.9994865916747031 -0.999991956714984 0.9994718171572669
0.9999877284861661 -0.9994888986956926 -0.9994888986956926 0.9994865916747031 1.0 -0.9994888986956926 0.997947608495228
-0.9995289739770971 1.0 1.0 -0.999991956714984 -0.9994888986956926 1.0 -0.9994840975049009
0.9980370346195484 -0.9994840975049009 -0.9994840975049009 0.9994718171572669 0.997947608495228 -0.9994840975049009 1.0