1.0 -0.9996060252394355 -0.9996060252394355 0.9995927243283043 0.9999880612097155 -0.9996060252394355 0.9984215178547008
-0.9996060252394355 1.0 1.0 -0.9999936044205535 -0.9996028457323539 1.0 -0.9995982051004628
-0.9996060252394355 1.0 1.0 -0.9999936044205535 -0.9996028457323539 1.0 -0.9995982051004628
0.9995927243283043 -0.9999936044205535 -0.9999936044205535 1.0 0.999604101323615 -0.9999936044205535 0.9995816570259611
0.9999880612097155 -0.9996028457323539 -0.9996028457323539 0.999604101323615 1.0 -0.9996028457323539 0.998404726554804
-0.9996060252394355 1.0 1.0 -0.9999936044205535 -0.9996028457323539 1.0 -0.9995982051004628
0.9984215178547008 -0.9995982051004628 -0.9995982051004628 0.9995816570259611 0.998404726554804 -0.9995982051004628 1.0