1.0 -0.9993732581183523 -0.9993732581183523 0.9993694935244002 0.9999852839597966 -0.9993732581183523 0.997505750700187
-0.9993732581183523 1.0 1.0 -0.9999925936413334 -0.9993478038931966 1.0 -0.9993737234890591
-0.9993732581183523 1.0 1.0 -0.9999925936413334 -0.9993478038931966 1.0 -0.9993737234890591
0.9993694935244002 -0.9999925936413334 -0.9999925936413334 1.0 0.9993603591329792 -0.9999925936413334 0.9993460654110055
0.9999852839597966 -0.9993478038931966 -0.9993478038931966 0.9993603591329792 1.0 -0.9993478038931966 0.9974465268857048
-0.9993732581183523 1.0 1.0 -0.9999925936413334 -0.9993478038931966 1.0 -0.9993737234890591
0.997505750700187 -0.9993737234890591 -0.9993737234890591 0.9993460654110055 0.9974465268857048 -0.9993737234890591 1.0