1.0 -0.9995102020255501 -0.9995102020255501 0.9995245220508566 0.9999927238252787 -0.9995102020255501 0.9980060999302737
-0.9995102020255501 1.0 1.0 -0.9999955421744313 -0.9994614429763958 1.0 -0.9994899186104336
-0.9995102020255501 1.0 1.0 -0.9999955421744313 -0.9994614429763958 1.0 -0.9994899186104336
0.9995245220508566 -0.9999955421744313 -0.9999955421744313 1.0 0.9994824163888719 -0.9999955421744313 0.9994582257138702
0.9999927238252787 -0.9994614429763958 -0.9994614429763958 0.9994824163888719 1.0 -0.9994614429763958 0.9979056577394321
-0.9995102020255501 1.0 1.0 -0.9999955421744313 -0.9994614429763958 1.0 -0.9994899186104336
0.9980060999302737 -0.9994899186104336 -0.9994899186104336 0.9994582257138702 0.9979056577394321 -0.9994899186104336 1.0