1.0 -0.9996584356496508 -0.9996584356496508 0.9996511611584833 0.9999840865467509 -0.9996584356496508 0.9986083995337776
-0.9996584356496508 1.0 1.0 -0.9999906877806374 -0.9996454599324084 1.0 -0.999637789254524
-0.9996584356496508 1.0 1.0 -0.9999906877806374 -0.9996454599324084 1.0 -0.999637789254524
0.9996511611584833 -0.9999906877806374 -0.9999906877806374 1.0 0.999659348433958 -0.9999906877806374 0.9996031174773841
0.9999840865467509 -0.9996454599324084 -0.9996454599324084 0.999659348433958 1.0 -0.9996454599324084 0.9985687159605403
-0.9996584356496508 1.0 1.0 -0.9999906877806374 -0.9996454599324084 1.0 -0.999637789254524
0.9986083995337776 -0.999637789254524 -0.999637789254524 0.9996031174773841 0.9985687159605403 -0.999637789254524 1.0