1.0 -0.9995593222369337 -0.9995593222369337 0.9995724441286029 0.9999904250378921 -0.9995593222369337 0.9982039221548232
-0.9995593222369337 1.0 1.0 -0.9999938993992633 -0.9995305918717632 1.0 -0.9995367373123275
-0.9995593222369337 1.0 1.0 -0.9999938993992633 -0.9995305918717632 1.0 -0.9995367373123275
0.9995724441286029 -0.9999938993992633 -0.9999938993992633 1.0 0.9995568627173017 -0.9999938993992633 0.9994953441174768
0.9999904250378921 -0.9995305918717632 -0.9995305918717632 0.9995568627173017 1.0 -0.9995305918717632 0.9981369786436699
-0.9995593222369337 1.0 1.0 -0.9999938993992633 -0.9995305918717632 1.0 -0.9995367373123275
0.9982039221548232 -0.9995367373123275 -0.9995367373123275 0.9994953441174768 0.9981369786436699 -0.9995367373123275 1.0