1.0 -0.9994579901208628 -0.9994579901208628 0.999418382032895 0.9999891580610235 -0.9994579901208628 0.9979180309131915
-0.9994579901208628 1.0 1.0 -0.99999327018738 -0.9994978350023663 1.0 -0.9994943662618567
-0.9994579901208628 1.0 1.0 -0.99999327018738 -0.9994978350023663 1.0 -0.9994943662618567
0.999418382032895 -0.99999327018738 -0.99999327018738 1.0 0.999473128129477 -0.99999327018738 0.9995029430988809
0.9999891580610235 -0.9994978350023663 -0.9994978350023663 0.999473128129477 1.0 -0.9994978350023663 0.9979861612792903
-0.9994579901208628 1.0 1.0 -0.99999327018738 -0.9994978350023663 1.0 -0.9994943662618567
0.9979180309131915 -0.9994943662618567 -0.9994943662618567 0.9995029430988809 0.9979861612792903 -0.9994943662618567 1.0