1.0 -0.9993928524140391 -0.9993928524140391 0.9993600849253756 0.9999860119223466 -0.9993928524140391 0.997672923556738
-0.9993928524140391 1.0 1.0 -0.9999929829044617 -0.9994186176480792 1.0 -0.9994364792357029
-0.9993928524140391 1.0 1.0 -0.9999929829044617 -0.9994186176480792 1.0 -0.9994364792357029
0.9993600849253756 -0.9999929829044617 -0.9999929829044617 1.0 0.9994034264224532 -0.9999929829044617 0.9994366244683306
0.9999860119223466 -0.9994186176480792 -0.9994186176480792 0.9994034264224532 1.0 -0.9994186176480792 0.9977126224403648
-0.9993928524140391 1.0 1.0 -0.9999929829044617 -0.9994186176480792 1.0 -0.9994364792357029
0.997672923556738 -0.9994364792357029 -0.9994364792357029 0.9994366244683306 0.9977126224403648 -0.9994364792357029 1.0