1.0 -0.9995912569239338 -0.9995912569239338 0.9995878257223395 0.9999835875904522 -0.9995912569239338 0.9983170311539104
-0.9995912569239338 1.0 1.0 -0.9999907055910482 -0.999548772040182 1.0 -0.9995585102063511
-0.9995912569239338 1.0 1.0 -0.9999907055910482 -0.999548772040182 1.0 -0.9995585102063511
0.9995878257223395 -0.9999907055910482 -0.9999907055910482 1.0 0.9995673968894051 -0.9999907055910482 0.9995191889199675
0.9999835875904522 -0.999548772040182 -0.999548772040182 0.9995673968894051 1.0 -0.999548772040182 0.9982171414785791
-0.9995912569239338 1.0 1.0 -0.9999907055910482 -0.999548772040182 1.0 -0.9995585102063511
0.9983170311539104 -0.9995585102063511 -0.9995585102063511 0.9995191889199675 0.9982171414785791 -0.9995585102063511 1.0