1.0 -0.9996829013052665 -0.9996829013052665 0.9996764458358074 0.9999881519247278 -0.9996829013052665 0.9987225328623892
-0.9996829013052665 1.0 1.0 -0.9999917602799331 -0.99966259603551 1.0 -0.9996711223102346
-0.9996829013052665 1.0 1.0 -0.9999917602799331 -0.99966259603551 1.0 -0.9996711223102346
0.9996764458358074 -0.9999917602799331 -0.9999917602799331 1.0 0.9996734803162031 -0.9999917602799331 0.9996405169577353
0.9999881519247278 -0.99966259603551 -0.99966259603551 0.9996734803162031 1.0 -0.99966259603551 0.9986691585340546
-0.9996829013052665 1.0 1.0 -0.9999917602799331 -0.99966259603551 1.0 -0.9996711223102346
0.9987225328623892 -0.9996711223102346 -0.9996711223102346 0.9996405169577353 0.9986691585340546 -0.9996711223102346 1.0