1.0 -0.9993892192797426 -0.9993892192797426 0.999384767303483 0.9999883858226379 -0.9993892192797426 0.9975867980375639
-0.9993892192797426 1.0 1.0 -0.9999919085751053 -0.9993810290705001 1.0 -0.9993978012170376
-0.9993892192797426 1.0 1.0 -0.9999919085751053 -0.9993810290705001 1.0 -0.9993978012170376
0.999384767303483 -0.9999919085751053 -0.9999919085751053 1.0 0.9993944890019175 -0.9999919085751053 0.9993670611381293
0.9999883858226379 -0.9993810290705001 -0.9993810290705001 0.9993944890019175 1.0 -0.9993810290705001 0.9975596003318901
-0.9993892192797426 1.0 1.0 -0.9999919085751053 -0.9993810290705001 1.0 -0.9993978012170376
0.9975867980375639 -0.9993978012170376 -0.9993978012170376 0.9993670611381293 0.9975596003318901 -0.9993978012170376 1.0