1.0 -0.9995919603730945 -0.9995919603730945 0.9995656619500949 0.9999825196242274 -0.9995919603730945 0.9983808756214815
-0.9995919603730945 1.0 1.0 -0.9999872891303351 -0.9995937184177891 1.0 -0.9995873350232439
-0.9995919603730945 1.0 1.0 -0.9999872891303351 -0.9995937184177891 1.0 -0.9995873350232439
0.9995656619500949 -0.9999872891303351 -0.9999872891303351 1.0 0.9995937861956916 -0.9999872891303351 0.999556054749559
0.9999825196242274 -0.9995937184177891 -0.9995937184177891 0.9995937861956916 1.0 -0.9995937184177891 0.9983643881538872
-0.9995919603730945 1.0 1.0 -0.9999872891303351 -0.9995937184177891 1.0 -0.9995873350232439
0.9983808756214815 -0.9995873350232439 -0.9995873350232439 0.999556054749559 0.9983643881538872 -0.9995873350232439 1.0