1.0 -0.999283455090239 -0.999283455090239 0.9992583958038106 0.9999893661331045 -0.999283455090239 0.9971883820310294
-0.999283455090239 1.0 1.0 -0.9999935586078486 -0.9992987755340939 1.0 -0.9993050325907215
-0.999283455090239 1.0 1.0 -0.9999935586078486 -0.9992987755340939 1.0 -0.9993050325907215
0.9992583958038106 -0.9999935586078486 -0.9999935586078486 1.0 0.9992861656597815 -0.9999935586078486 0.9993022288483795
0.9999893661331045 -0.9992987755340939 -0.9992987755340939 0.9992861656597815 1.0 -0.9992987755340939 0.9972106779966142
-0.999283455090239 1.0 1.0 -0.9999935586078486 -0.9992987755340939 1.0 -0.9993050325907215
0.9971883820310294 -0.9993050325907215 -0.9993050325907215 0.9993022288483795 0.9972106779966142 -0.9993050325907215 1.0