1.0 -0.9994350110891684 -0.9994350110891684 0.9994278884794427 0.9999859386340476 -0.9994350110891684 0.997723650782033
-0.9994350110891684 1.0 1.0 -0.9999918269292061 -0.9994189855709094 1.0 -0.9994195108013513
-0.9994350110891684 1.0 1.0 -0.9999918269292061 -0.9994189855709094 1.0 -0.9994195108013513
0.9994278884794427 -0.9999918269292061 -0.9999918269292061 1.0 0.9994293603665241 -0.9999918269292061 0.9993906165325659
0.9999859386340476 -0.9994189855709094 -0.9994189855709094 0.9994293603665241 1.0 -0.9994189855709094 0.997679884756136
-0.9994350110891684 1.0 1.0 -0.9999918269292061 -0.9994189855709094 1.0 -0.9994195108013513
0.997723650782033 -0.9994195108013513 -0.9994195108013513 0.9993906165325659 0.997679884756136 -0.9994195108013513 1.0