1.0 -0.999642263507814 -0.999642263507814 0.9996641236911514 0.9999867426517018 -0.999642263507814 0.998537854906976
-0.999642263507814 1.0 1.0 -0.9999936545491718 -0.9996131591758589 1.0 -0.9996204264002825
-0.999642263507814 1.0 1.0 -0.9999936545491718 -0.9996131591758589 1.0 -0.9996204264002825
0.9996641236911514 -0.9999936545491718 -0.9999936545491718 1.0 0.999650310449423 -0.9999936545491718 0.9995698580346173
0.9999867426517018 -0.9996131591758589 -0.9996131591758589 0.999650310449423 1.0 -0.9996131591758589 0.9984689769464977
-0.999642263507814 1.0 1.0 -0.9999936545491718 -0.9996131591758589 1.0 -0.9996204264002825
0.998537854906976 -0.9996204264002825 -0.9996204264002825 0.9995698580346173 0.9984689769464977 -0.9996204264002825 1.0