1.0 -0.999614295636824 -0.999614295636824 0.9996151857410405 0.9999801608621598 -0.999614295636824 0.9984377343292306
-0.999614295636824 1.0 1.0 -0.9999927853438634 -0.9995870557553023 1.0 -0.9995956616180097
-0.999614295636824 1.0 1.0 -0.9999927853438634 -0.9995870557553023 1.0 -0.9995956616180097
0.9996151857410405 -0.9999927853438634 -0.9999927853438634 1.0 0.9996085165304368 -0.9999927853438634 0.9995590191936029
0.9999801608621598 -0.9995870557553023 -0.9995870557553023 0.9996085165304368 1.0 -0.9995870557553023 0.9983675673197082
-0.999614295636824 1.0 1.0 -0.9999927853438634 -0.9995870557553023 1.0 -0.9995956616180097
0.9984377343292306 -0.9995956616180097 -0.9995956616180097 0.9995590191936029 0.9983675673197082 -0.9995956616180097 1.0