1.0 -0.9995035941259853 -0.9995035941259853 0.9994788870009986 0.9999905244856795 -0.9995035941259853 0.9980618166950066
-0.9995035941259853 1.0 1.0 -0.9999924026304166 -0.9995072963445465 1.0 -0.999522214830255
-0.9995035941259853 1.0 1.0 -0.9999924026304166 -0.9995072963445465 1.0 -0.999522214830255
0.9994788870009986 -0.9999924026304166 -0.9999924026304166 1.0 0.999496181380926 -0.9999924026304166 0.9995161973899119
0.9999905244856795 -0.9995072963445465 -0.9995072963445465 0.999496181380926 1.0 -0.9995072963445465 0.9980608483894895
-0.9995035941259853 1.0 1.0 -0.9999924026304166 -0.9995072963445465 1.0 -0.999522214830255
0.9980618166950066 -0.999522214830255 -0.999522214830255 0.9995161973899119 0.9980608483894895 -0.999522214830255 1.0