1.0 -0.9989197975998968 -0.9989197975998968 0.9987139497599845 0.9999954142189496 -0.9989197975998968 0.998136801901134
-0.9989197975998968 1.0 1.0 -0.9999884248363573 -0.9989705357994906 1.0 -0.999893478231378
-0.9989197975998968 1.0 1.0 -0.9999884248363573 -0.9989705357994906 1.0 -0.999893478231378
0.9987139497599845 -0.9999884248363573 -0.9999884248363573 1.0 0.9987753246184282 -0.9999884248363573 0.999940514118418
0.9999954142189496 -0.9989705357994906 -0.9989705357994906 0.9987753246184282 1.0 -0.9989705357994906 0.9982021380580783
-0.9989197975998968 1.0 1.0 -0.9999884248363573 -0.9989705357994906 1.0 -0.999893478231378
0.998136801901134 -0.999893478231378 -0.999893478231378 0.999940514118418 0.9982021380580783 -0.999893478231378 1.0