1.0 -0.9988368306701253 -0.9988368306701253 0.9986437397754245 0.9999950708438236 -0.9988368306701253 0.9979938635685732
-0.9988368306701253 1.0 1.0 -0.999990384013221 -0.998902348222274 1.0 -0.9998850945536717
-0.9988368306701253 1.0 1.0 -0.999990384013221 -0.998902348222274 1.0 -0.9998850945536717
0.9986437397754245 -0.999990384013221 -0.999990384013221 1.0 0.9987189646421167 -0.999990384013221 0.9999312854318729
0.9999950708438236 -0.998902348222274 -0.998902348222274 0.9987189646421167 1.0 -0.998902348222274 0.9980780109577457
-0.9988368306701253 1.0 1.0 -0.999990384013221 -0.998902348222274 1.0 -0.9998850945536717
0.9979938635685732 -0.9998850945536717 -0.9998850945536717 0.9999312854318729 0.9980780109577457 -0.9998850945536717 1.0