1.0 -0.9993126913482981 -0.9993126913482981 0.9992183363951599 0.9999980968735754 -0.9993126913482981 0.9987658672775799
-0.9993126913482981 1.0 1.0 -0.9999962823891975 -0.9993170070560878 1.0 -0.9999203816002559
-0.9993126913482981 1.0 1.0 -0.9999962823891975 -0.9993170070560878 1.0 -0.9999203816002559
0.9992183363951599 -0.9999962823891975 -0.9999962823891975 1.0 0.9992250936759993 -0.9999962823891975 0.9999468434811117
0.9999980968735754 -0.9993170070560878 -0.9993170070560878 0.9992250936759993 1.0 -0.9993170070560878 0.9987712561610116
-0.9993126913482981 1.0 1.0 -0.9999962823891975 -0.9993170070560878 1.0 -0.9999203816002559
0.9987658672775799 -0.9999203816002559 -0.9999203816002559 0.9999468434811117 0.9987712561610116 -0.9999203816002559 1.0