1.0 0.9911213092815488 0.9809650150444189 -0.9996382520339683 0.9999972510985091 0.9998117328095049 -0.9998949646178652
0.9911213092815488 1.0 0.997777140388763 -0.993349382110922 0.9911124427254892 0.9933208204725017 -0.9927863458161461
0.9809650150444189 0.997777140388763 1.0 -0.984516348414735 0.9809269652403912 0.9842891766792047 -0.9834576674771723
-0.9996382520339683 -0.993349382110922 -0.984516348414735 1.0 -0.9996396766851665 -0.9998881152743162 0.9998590059636262
0.9999972510985091 0.9911124427254892 0.9809269652403912 -0.9996396766851665 1.0 0.9998143965539245 -0.9998974151803671
0.9998117328095049 0.9933208204725017 0.9842891766792047 -0.9998881152743162 0.9998143965539245 1.0 -0.9999877369044438
-0.9998949646178652 -0.9927863458161461 -0.9834576674771723 0.9998590059636262 -0.9998974151803671 -0.9999877369044438 1.0