1.0 0.9904881248350094 0.9829749463383282 -0.9996364154727685 0.9999976065034373 0.9998180943195999 -0.9998966218092173
0.9904881248350094 1.0 0.9985997958644381 -0.9930225924763412 0.9905275933254971 0.9927158029846276 -0.9921829114346756
0.9829749463383282 0.9985997958644381 1.0 -0.9868195843655297 0.9830098406198328 0.9860629405444875 -0.9853077252882423
-0.9996364154727685 -0.9930225924763412 -0.9868195843655297 1.0 -0.9996382711066494 -0.9998994895322166 0.9998643402887258
0.9999976065034373 0.9905275933254971 0.9830098406198328 -0.9996382711066494 1.0 0.9998302280129258 -0.9999062479514491
0.9998180943195999 0.9927158029846276 0.9860629405444875 -0.9998994895322166 0.9998302280129258 1.0 -0.9999887704489118
-0.9998966218092173 -0.9921829114346756 -0.9853077252882423 0.9998643402887258 -0.9999062479514491 -0.9999887704489118 1.0