1.0 0.9922420120249421 0.980219424392332 -0.9996725131144525 0.9999970496567784 0.9998183498883266 -0.9998996137613326
0.9922420120249421 1.0 0.9971410474590339 -0.9939985218955354 0.992200086867605 0.9942846860489006 -0.9937841993739926
0.980219424392332 0.9971410474590339 1.0 -0.9831323069444569 0.9801371249601746 0.9835431798358755 -0.9827030038416623
-0.9996725131144525 -0.9939985218955354 -0.9831323069444569 1.0 -0.9996781987457433 -0.9998838889527453 0.9998657821817919
0.9999970496567784 0.992200086867605 0.9801371249601746 -0.9996781987457433 1.0 0.9998151316113852 -0.9998975073727112
0.9998183498883266 0.9942846860489006 0.9835431798358755 -0.9998838889527453 0.9998151316113852 1.0 -0.9999878815347228
-0.9998996137613326 -0.9937841993739926 -0.9827030038416623 0.9998657821817919 -0.9998975073727112 -0.9999878815347228 1.0