1.0 0.7941170443824872 0.8931525547258049 -0.9025876190666235 0.9990127952199902 0.9290726099102206 -0.9632933284848552
0.7941170443824872 1.0 0.9614122280433185 -0.859019089433024 0.7949080588930195 0.920196846394019 -0.8781283446597467
0.8931525547258049 0.9614122280433185 1.0 -0.9545280126661353 0.8929622617957403 0.9870249855820645 -0.9621521613056093
-0.9025876190666235 -0.859019089433024 -0.9545280126661353 1.0 -0.9057481642140763 -0.9828530490845109 0.979562581728621
0.9990127952199902 0.7949080588930195 0.8929622617957403 -0.9057481642140763 1.0 0.9317226010997448 -0.9664130225324165
0.9290726099102206 0.920196846394019 0.9870249855820645 -0.9828530490845109 0.9317226010997448 1.0 -0.9903758959535777
-0.9632933284848552 -0.8781283446597467 -0.9621521613056093 0.979562581728621 -0.9664130225324165 -0.9903758959535777 1.0