1.0 0.9302329268415369 0.9552811123522023 -0.9502132801396371 0.9970546356138275 0.9611833871863328 -0.9737510167205595
0.9302329268415369 1.0 0.9867147398400326 -0.9431718165976473 0.9219144979106273 0.9739311084588765 -0.9592514093627217
0.9552811123522023 0.9867147398400326 1.0 -0.9776348227771585 0.9486407033358445 0.9952597130033073 -0.9844637060286613
-0.9502132801396371 -0.9431718165976473 -0.9776348227771585 1.0 -0.9489559659478726 -0.9908698887012208 0.9926195008573497
0.9970546356138275 0.9219144979106273 0.9486407033358445 -0.9489559659478726 1.0 0.9591894447283482 -0.974369851557619
0.9611833871863328 0.9739311084588765 0.9952597130033073 -0.9908698887012208 0.9591894447283482 1.0 -0.995381654312854
-0.9737510167205595 -0.9592514093627217 -0.9844637060286613 0.9926195008573497 -0.974369851557619 -0.995381654312854 1.0