1.0 0.9198672284004634 0.9595362881313865 -0.9526085439999114 0.998556119277527 0.9668544915783908 -0.9795551415834757
0.9198672284004634 1.0 0.9755379742567177 -0.9190760526160444 0.9156572861015227 0.9573114643468832 -0.9421453741289385
0.9595362881313865 0.9755379742567177 1.0 -0.9715819427701802 0.9541025505372381 0.9941099744785641 -0.9804986397420304
-0.9526085439999114 -0.9190760526160444 -0.9715819427701802 1.0 -0.9493065738479161 -0.9903330664169764 0.9911613339606437
0.998556119277527 0.9156572861015227 0.9541025505372381 -0.9493065738479161 1.0 0.963576339961512 -0.9789835858642992
0.9668544915783908 0.9573114643468832 0.9941099744785641 -0.9903330664169764 0.963576339961512 1.0 -0.9941624776018408
-0.9795551415834757 -0.9421453741289385 -0.9804986397420304 0.9911613339606437 -0.9789835858642992 -0.9941624776018408 1.0