1.0 0.9488394662869849 0.9638806725063307 -0.9584345017521975 0.9970303559402957 0.9638679422726106 -0.9764333296019236
0.9488394662869849 1.0 0.9872170620904772 -0.9562861703577022 0.9418404513550511 0.9760281275988874 -0.9689023900631945
0.9638806725063307 0.9872170620904772 1.0 -0.9864049978454973 0.955987996049044 0.9962445007485303 -0.9898604317130172
-0.9584345017521975 -0.9562861703577022 -0.9864049978454973 1.0 -0.9522804008631327 -0.9950831669416299 0.9951898196528866
0.9970303559402957 0.9418404513550511 0.955987996049044 -0.9522804008631327 1.0 0.9591637083929665 -0.9741210772831715
0.9638679422726106 0.9760281275988874 0.9962445007485303 -0.9950831669416299 0.9591637083929665 1.0 -0.9965090026992899
-0.9764333296019236 -0.9689023900631945 -0.9898604317130172 0.9951898196528866 -0.9741210772831715 -0.9965090026992899 1.0