1.0 0.8535377878916066 0.9320689818598653 -0.9401470157088371 0.9980763597714648 0.948418437818923 -0.9745767403578693
0.8535377878916066 1.0 0.9604579794050008 -0.8582145125009426 0.8369552294519395 0.9282663487329116 -0.892773366024986
0.9320689818598653 0.9604579794050008 1.0 -0.9606560380180029 0.9202446834452483 0.992468091889646 -0.9719797351273429
-0.9401470157088371 -0.8582145125009426 -0.9606560380180029 1.0 -0.9380729974429407 -0.9847177864022902 0.9881937072410641
0.9980763597714648 0.8369552294519395 0.9202446834452483 -0.9380729974429407 1.0 0.9423184441460982 -0.9731962456725801
0.948418437818923 0.9282663487329116 0.992468091889646 -0.9847177864022902 0.9423184441460982 1.0 -0.9906819499525598
-0.9745767403578693 -0.892773366024986 -0.9719797351273429 0.9881937072410641 -0.9731962456725801 -0.9906819499525598 1.0