1.0 0.742466237410073 0.9080263415358092 -0.9647281268813818 0.9989840544340073 0.960351839783174 -0.9855752521014984
0.742466237410073 1.0 0.9367935862285257 -0.7955268723378087 0.746332199893144 0.8706953472623169 -0.8130051661069503
0.9080263415358092 0.9367935862285257 1.0 -0.9433149576287514 0.9095537363031221 0.9788833112315101 -0.9502226778845508
-0.9647281268813818 -0.7955268723378087 -0.9433149576287514 1.0 -0.9689159782432997 -0.9850769097264254 0.9891783604838023
0.9989840544340073 0.746332199893144 0.9095537363031221 -0.9689159782432997 1.0 0.9649324336705287 -0.9893689000951099
0.960351839783174 0.8706953472623169 0.9788833112315101 -0.9850769097264254 0.9649324336705287 1.0 -0.9911140196047744
-0.9855752521014984 -0.8130051661069503 -0.9502226778845508 0.9891783604838023 -0.9893689000951099 -0.9911140196047744 1.0