1.0 0.8983214962104671 0.9235258830434949 -0.9188571068825786 0.9958936725895385 0.9290168237251514 -0.9569116825858149
0.8983214962104671 1.0 0.9874557037001411 -0.9403978646026869 0.8741526978171884 0.9734421574030023 -0.953534471797044
0.9235258830434949 0.9874557037001411 1.0 -0.9752114098785167 0.9010050936638817 0.9953324774280518 -0.9807115619879281
-0.9188571068825786 -0.9403978646026869 -0.9752114098785167 1.0 -0.8997124098191716 -0.9903026428091395 0.9908924625284733
0.9958936725895385 0.8741526978171884 0.9010050936638817 -0.8997124098191716 1.0 0.9102037864866775 -0.944506521652931
0.9290168237251514 0.9734421574030023 0.9953324774280518 -0.9903026428091395 0.9102037864866775 1.0 -0.992391122278866
-0.9569116825858149 -0.953534471797044 -0.9807115619879281 0.9908924625284733 -0.944506521652931 -0.992391122278866 1.0