1.0 0.9164336033392121 0.9442158398269707 -0.9456060368070998 0.9969073643386408 0.9468378028236674 -0.9662275734536101
0.9164336033392121 1.0 0.9858971844378321 -0.9477193723135198 0.9082384209243552 0.9722979880298499 -0.9621695207547889
0.9442158398269707 0.9858971844378321 1.0 -0.9827500831548195 0.936413173648173 0.9962099491559208 -0.9882803697605764
-0.9456060368070998 -0.9477193723135198 -0.9827500831548195 1.0 -0.9391489943829435 -0.9936127169150156 0.9947733833773821
0.9969073643386408 0.9082384209243552 0.936413173648173 -0.9391489943829435 1.0 0.9410066154270085 -0.9627753700151839
0.9468378028236674 0.9722979880298499 0.9962099491559208 -0.9936127169150156 0.9410066154270085 1.0 -0.9953722588007825
-0.9662275734536101 -0.9621695207547889 -0.9882803697605764 0.9947733833773821 -0.9627753700151839 -0.9953722588007825 1.0