1.0 0.4686492061341011 0.7314510264900717 -0.9074926250193086 0.9995129519479936 0.935333351136783 -0.9819509727364472
0.4686492061341011 1.0 0.9173084375624664 -0.7091161990856077 0.4635019894058944 0.7300513307213385 -0.6059022995032814
0.7314510264900717 0.9173084375624664 1.0 -0.9017419030051501 0.7229725187195396 0.9143381960795524 -0.8307015891927432
-0.9074926250193086 -0.7091161990856077 -0.9017419030051501 1.0 -0.9016515763597077 -0.9653620655277527 0.9600856717711175
0.9995129519479936 0.4635019894058944 0.7229725187195396 -0.9016515763597077 1.0 0.932376634528865 -0.9805648796209503
0.935333351136783 0.7300513307213385 0.9143381960795524 -0.9653620655277527 0.932376634528865 1.0 -0.980258128977365
-0.9819509727364472 -0.6059022995032814 -0.8307015891927432 0.9600856717711175 -0.9805648796209503 -0.980258128977365 1.0