1.0 0.8971449057515252 0.9585312315479211 -0.9750618373585718 0.9992507229895888 0.9816959114502234 -0.990785052100806
0.8971449057515252 1.0 0.9763111911570866 -0.9001914329522029 0.8906674198353941 0.9427326940650536 -0.9207460821634462
0.9585312315479211 0.9763111911570866 1.0 -0.9640055458902483 0.9536947895655481 0.9897142469159715 -0.9752430930784551
-0.9750618373585718 -0.9001914329522029 -0.9640055458902483 1.0 -0.9741995084001404 -0.98846883004619 0.9934378479034045
0.9992507229895888 0.8906674198353941 0.9536947895655481 -0.9741995084001404 1.0 0.9799541275721314 -0.9904939744147746
0.9816959114502234 0.9427326940650536 0.9897142469159715 -0.98846883004619 0.9799541275721314 1.0 -0.995360183073447
-0.990785052100806 -0.9207460821634462 -0.9752430930784551 0.9934378479034045 -0.9904939744147746 -0.995360183073447 1.0