1.0 0.922404767626154 0.9587841478006283 -0.9448282101567522 0.9985986683345474 0.9579439971106041 -0.9756090807573989
0.922404767626154 1.0 0.9803072526958296 -0.9382416412906345 0.9165358000544209 0.9670913722237657 -0.9572092358446272
0.9587841478006283 0.9803072526958296 1.0 -0.9833490965573395 0.9534416688788886 0.9967073706776803 -0.9905613974784916
-0.9448282101567522 -0.9382416412906345 -0.9833490965573395 1.0 -0.939896717722647 -0.9926999475321594 0.990237958231242
0.9985986683345474 0.9165358000544209 0.9534416688788886 -0.939896717722647 1.0 0.9543873918170508 -0.9737565228729649
0.9579439971106041 0.9670913722237657 0.9967073706776803 -0.9926999475321594 0.9543873918170508 1.0 -0.9957524336264844
-0.9756090807573989 -0.9572092358446272 -0.9905613974784916 0.990237958231242 -0.9737565228729649 -0.9957524336264844 1.0