1.0 0.9014621055228633 0.9365321228644684 -0.9225350885829582 0.999080465294813 0.94446426375166 -0.9626941984080941
0.9014621055228633 1.0 0.9821053416129001 -0.9126298809765068 0.9021554051692583 0.96194953680378 -0.94323489353715
0.9365321228644684 0.9821053416129001 1.0 -0.965384080805723 0.9377525050947123 0.9939426114040498 -0.980004976416134
-0.9225350885829582 -0.9126298809765068 -0.965384080805723 1.0 -0.9284513210631802 -0.9860824496306755 0.988462300484371
0.999080465294813 0.9021554051692583 0.9377525050947123 -0.9284513210631802 1.0 0.9479126937145429 -0.9673210532811158
0.94446426375166 0.96194953680378 0.9939426114040498 -0.9860824496306755 0.9479126937145429 1.0 -0.9938080046142564
-0.9626941984080941 -0.94323489353715 -0.980004976416134 0.988462300484371 -0.9673210532811158 -0.9938080046142564 1.0