1.0 0.9020340265759259 0.950685027968837 -0.9574379181389674 0.9984716570314763 0.9610014761707292 -0.9764574130886547
0.9020340265759259 1.0 0.9820512494691876 -0.9283551279704353 0.8980311914069036 0.9599872979825033 -0.9450853988183325
0.950685027968837 0.9820512494691876 1.0 -0.9771084269398561 0.9495607912927314 0.9942654391638669 -0.9858955478729627
-0.9574379181389674 -0.9283551279704353 -0.9771084269398561 1.0 -0.9583350180606113 -0.9918262479976081 0.9932281989259764
0.9984716570314763 0.8980311914069036 0.9495607912927314 -0.9583350180606113 1.0 0.9621060559113788 -0.9780493025770843
0.9610014761707292 0.9599872979825033 0.9942654391638669 -0.9918262479976081 0.9621060559113788 1.0 -0.9962371819739616
-0.9764574130886547 -0.9450853988183325 -0.9858955478729627 0.9932281989259764 -0.9780493025770843 -0.9962371819739616 1.0