1.0 0.819836583725794 0.9054759378413777 -0.9609379064881591 0.998387407942511 0.9530322638675706 -0.9793910624301687
0.819836583725794 1.0 0.9759427542369632 -0.8758484273059535 0.8212306462373349 0.9307359335875057 -0.8892840316072266
0.9054759378413777 0.9759427542369632 1.0 -0.9522288670303223 0.9065797893933593 0.9835182371312637 -0.9578949908811839
-0.9609379064881591 -0.8758484273059535 -0.9522288670303223 1.0 -0.9633753136655169 -0.9856655223231088 0.9906377874003742
0.998387407942511 0.8212306462373349 0.9065797893933593 -0.9633753136655169 1.0 0.9574254203623203 -0.983421491606248
0.9530322638675706 0.9307359335875057 0.9835182371312637 -0.9856655223231088 0.9574254203623203 1.0 -0.99203175394881
-0.9793910624301687 -0.8892840316072266 -0.9578949908811839 0.9906377874003742 -0.983421491606248 -0.99203175394881 1.0