1.0 0.9161916281026802 0.9591226787526036 -0.9547887146882755 0.9993836608067107 0.9709664634012165 -0.9856420547757575
0.9161916281026802 1.0 0.9801236354105002 -0.9185538877687519 0.9137563340670122 0.9613492193026694 -0.9431603682424761
0.9591226787526036 0.9801236354105002 1.0 -0.9723182972428476 0.9575361987583869 0.995080118285354 -0.9838593531033557
-0.9547887146882755 -0.9185538877687519 -0.9723182972428476 1.0 -0.9550690692699744 -0.986349555529973 0.9871869841059044
0.9993836608067107 0.9137563340670122 0.9575361987583869 -0.9550690692699744 1.0 0.9711666729280405 -0.9865425664332929
0.9709664634012165 0.9613492193026694 0.995080118285354 -0.986349555529973 0.9711666729280405 1.0 -0.9948115111559824
-0.9856420547757575 -0.9431603682424761 -0.9838593531033557 0.9871869841059044 -0.9865425664332929 -0.9948115111559824 1.0