1.0 0.7621231845660824 0.8727423436913155 -0.957303839301434 0.9993650579487671 0.957291537052346 -0.9847933358496678
0.7621231845660824 1.0 0.9619881262169361 -0.8369672535483409 0.7643608687252909 0.8958913862249449 -0.8384761068113942
0.8727423436913155 0.9619881262169361 1.0 -0.9298900307691965 0.871326753725567 0.9652018250024743 -0.9243686579168462
-0.957303839301434 -0.8369672535483409 -0.9298900307691965 1.0 -0.9584080291908401 -0.983321764454778 0.9867149067611257
0.9993650579487671 0.7643608687252909 0.871326753725567 -0.9584080291908401 1.0 0.9588038827752223 -0.9865753061446797
0.957291537052346 0.8958913862249449 0.9652018250024743 -0.983321764454778 0.9588038827752223 1.0 -0.9892852510735074
-0.9847933358496678 -0.8384761068113942 -0.9243686579168462 0.9867149067611257 -0.9865753061446797 -0.9892852510735074 1.0