1.0 0.819989517119048 0.8537293021193318 -0.877814769971071 0.9975621785134777 0.8672022793093999 -0.9159516934523484
0.819989517119048 1.0 0.9853061389272911 -0.9331191145813039 0.8236367123962838 0.9703923943039816 -0.9449517441651276
0.8537293021193318 0.9853061389272911 1.0 -0.9737364197361887 0.8601462079355913 0.9955244031030763 -0.9766658740951477
-0.877814769971071 -0.9331191145813039 -0.9737364197361887 1.0 -0.8905678331344393 -0.9899977137584184 0.9939836812919073
0.9975621785134777 0.8236367123962838 0.8601462079355913 -0.8905678331344393 1.0 0.8772542461913326 -0.9267105463018684
0.8672022793093999 0.9703923943039816 0.9955244031030763 -0.9899977137584184 0.8772542461913326 1.0 -0.989955027421592
-0.9159516934523484 -0.9449517441651276 -0.9766658740951477 0.9939836812919073 -0.9267105463018684 -0.989955027421592 1.0