1.0 0.9012047816826035 0.926113789878167 -0.9306885773652428 0.9955440186352912 0.935314379944975 -0.9608045540630599
0.9012047816826035 1.0 0.9875064078578348 -0.9453029168167353 0.8786442369976555 0.9718481783042576 -0.955814058047148
0.926113789878167 0.9875064078578348 1.0 -0.9799303250625986 0.9088823324461546 0.9956815656617958 -0.9833053183954471
-0.9306885773652428 -0.9453029168167353 -0.9799303250625986 1.0 -0.9176141620650228 -0.9913571234125556 0.9919887089002998
0.9955440186352912 0.8786442369976555 0.9088823324461546 -0.9176141620650228 1.0 0.9235040215968251 -0.9535311930325744
0.935314379944975 0.9718481783042576 0.9956815656617958 -0.9913571234125556 0.9235040215968251 1.0 -0.9935706310303215
-0.9608045540630599 -0.955814058047148 -0.9833053183954471 0.9919887089002998 -0.9535311930325744 -0.9935706310303215 1.0