1.0 0.8880856182422706 0.927022600003798 -0.9106922624604642 0.9970090184880567 0.927606849933722 -0.9437896861708304
0.8880856182422706 1.0 0.979634026925729 -0.9141729434555307 0.8811630575035598 0.9619910543473065 -0.9413571326047088
0.927022600003798 0.979634026925729 1.0 -0.968147746347838 0.9170796771264793 0.9945560005291361 -0.9804924390618933
-0.9106922624604642 -0.9141729434555307 -0.968147746347838 1.0 -0.9016746067514337 -0.9875551475669446 0.9921731691215562
0.9970090184880567 0.8811630575035598 0.9170796771264793 -0.9016746067514337 1.0 0.9200885265443193 -0.9397257513311241
0.927606849933722 0.9619910543473065 0.9945560005291361 -0.9875551475669446 0.9200885265443193 1.0 -0.9939198265353825
-0.9437896861708304 -0.9413571326047088 -0.9804924390618933 0.9921731691215562 -0.9397257513311241 -0.9939198265353825 1.0