1.0 0.9370304803913561 0.9660537828139263 -0.9466016878551683 0.9987515281113072 0.9675071501702672 -0.978467721454513
0.9370304803913561 1.0 0.9810545345369467 -0.915653163821434 0.9339865887501181 0.9636959170924226 -0.9509650830107381
0.9660537828139263 0.9810545345369467 1.0 -0.9670521452837318 0.9629150615484375 0.9951729157388428 -0.9852414355678524
-0.9466016878551683 -0.915653163821434 -0.9670521452837318 1.0 -0.9419983556196799 -0.9853449271137878 0.9879409629377055
0.9987515281113072 0.9339865887501181 0.9629150615484375 -0.9419983556196799 1.0 0.9652290113368797 -0.9774897639579888
0.9675071501702672 0.9636959170924226 0.9951729157388428 -0.9853449271137878 0.9652290113368797 1.0 -0.9952116542466563
-0.978467721454513 -0.9509650830107381 -0.9852414355678524 0.9879409629377055 -0.9774897639579888 -0.9952116542466563 1.0