1.0 0.944529350142351 0.9679577178794709 -0.965920437820474 0.9988472960653717 0.977172666184761 -0.9868345111538209
0.944529350142351 1.0 0.9909397943674605 -0.9570781607609485 0.9434362993694114 0.9741970698797711 -0.9671529066199517
0.9679577178794709 0.9909397943674605 1.0 -0.9812766933925682 0.9679190808419027 0.9928506315018348 -0.9870393822239472
-0.965920437820474 -0.9570781607609485 -0.9812766933925682 1.0 -0.9707157112738989 -0.9946997677808277 0.9928340092552117
0.9988472960653717 0.9434362993694114 0.9679190808419027 -0.9707157112738989 1.0 0.9805330122673975 -0.9899978094978683
0.977172666184761 0.9741970698797711 0.9928506315018348 -0.9946997677808277 0.9805330122673975 1.0 -0.9976721664756076
-0.9868345111538209 -0.9671529066199517 -0.9870393822239472 0.9928340092552117 -0.9899978094978683 -0.9976721664756076 1.0