1.0 0.755758822922125 0.8488383685409238 -0.8711348151342804 0.9981877581205991 0.9002816139053874 -0.949844770044048
0.755758822922125 1.0 0.9652469192538985 -0.8717492155921548 0.7469783885343426 0.9214597665149115 -0.8736701312481837
0.8488383685409238 0.9652469192538985 1.0 -0.9569698980353828 0.8385880727480993 0.9848388668976674 -0.9522322622342149
-0.8711348151342804 -0.8717492155921548 -0.9569698980353828 1.0 -0.8628072067300018 -0.9802948277973045 0.9740844133451892
0.9981877581205991 0.7469783885343426 0.8385880727480993 -0.8628072067300018 1.0 0.8938669206294066 -0.9465518178986129
0.9002816139053874 0.9214597665149115 0.9848388668976674 -0.9802948277973045 0.8938669206294066 1.0 -0.9868450671717435
-0.949844770044048 -0.8736701312481837 -0.9522322622342149 0.9740844133451892 -0.9465518178986129 -0.9868450671717435 1.0