1.0 0.8807919942758055 0.9464039654992445 -0.9362553744034519 0.9986510784442606 0.9490618029579166 -0.9694980273725831
0.8807919942758055 1.0 0.9584849605481526 -0.8917825464979661 0.8785991081769665 0.9388542794614383 -0.9217225614010238
0.9464039654992445 0.9584849605481526 1.0 -0.9754907876150314 0.9430349179252262 0.9947410113137127 -0.9852708263130627
-0.9362553744034519 -0.8917825464979661 -0.9754907876150314 1.0 -0.9354764904550634 -0.9899597607921361 0.9904994961865462
0.9986510784442606 0.8785991081769665 0.9430349179252262 -0.9354764904550634 1.0 0.9484461601117388 -0.970284685079087
0.9490618029579166 0.9388542794614383 0.9947410113137127 -0.9899597607921361 0.9484461601117388 1.0 -0.9944602999268084
-0.9694980273725831 -0.9217225614010238 -0.9852708263130627 0.9904994961865462 -0.970284685079087 -0.9944602999268084 1.0