1.0 0.5004778365136041 0.7305035090542711 -0.9157158937858972 0.999497421367857 0.8834777046657285 -0.9656748631496889
0.5004778365136041 1.0 0.9399725329337659 -0.678909740184085 0.5002455174607161 0.8287545400132131 -0.6755433837349447
0.7305035090542711 0.9399725329337659 1.0 -0.8448212751581149 0.7275552599019702 0.9573599670691347 -0.853977751446149
-0.9157158937858972 -0.678909740184085 -0.8448212751581149 1.0 -0.9123699352845512 -0.9348765318680047 0.9706359395994347
0.999497421367857 0.5002455174607161 0.7275552599019702 -0.9123699352845512 1.0 0.8827353145063798 -0.9658863159794421
0.8834777046657285 0.8287545400132131 0.9573599670691347 -0.9348765318680047 0.8827353145063798 1.0 -0.963650845468594
-0.9656748631496889 -0.6755433837349447 -0.853977751446149 0.9706359395994347 -0.9658863159794421 -0.963650845468594 1.0