1.0 0.6558270002997011 0.6581099647872701 -0.6626665940228418 0.9327905252077842 0.6581099647872701 -0.6750627709397939
0.6558270002997011 1.0 0.9999684570166448 -0.9997827739182076 0.38260795657541213 0.9999684570166448 -0.9996368256552893
0.6581099647872701 0.9999684570166448 1.0 -0.9998707258264066 0.384765363082899 1.0 -0.9997224461820389
-0.6626665940228418 -0.9997827739182076 -0.9998707258264066 1.0 -0.387579356846598 -0.9998707258264066 0.9996468842571445
0.9327905252077842 0.38260795657541213 0.384765363082899 -0.387579356846598 1.0 0.384765363082899 -0.4063506380491209
0.6581099647872701 0.9999684570166448 1.0 -0.9998707258264066 0.384765363082899 1.0 -0.9997224461820389
-0.6750627709397939 -0.9996368256552893 -0.9997224461820389 0.9996468842571445 -0.4063506380491209 -0.9997224461820389 1.0