1.0 0.9457907590495241 0.94902985350866 -0.9485306970459354 0.993551311364091 0.9467103622238134 -0.9554018896210873
0.9457907590495241 1.0 0.9994230480552883 -0.9954145449134988 0.9244044297802362 0.9987203920726087 -0.9961941956147141
0.94902985350866 0.9994230480552883 1.0 -0.9956969397687943 0.9271714197254805 0.9984362654078678 -0.9964882314457401
-0.9485306970459354 -0.9954145449134988 -0.9956969397687943 1.0 -0.9226511636520567 -0.9983109688174995 0.999594019663529
0.993551311364091 0.9244044297802362 0.9271714197254805 -0.9226511636520567 1.0 0.9228749241550056 -0.9322761922514355
0.9467103622238134 0.9987203920726087 0.9984362654078678 -0.9983109688174995 0.9228749241550056 1.0 -0.9984254088580968
-0.9554018896210873 -0.9961941956147141 -0.9964882314457401 0.999594019663529 -0.9322761922514355 -0.9984254088580968 1.0