1.0 -0.9998358500020837 -0.9998358500020837 0.9998098305714169 0.9999990678833337 -0.9998358500020837 0.9997447725619861
-0.9998358500020837 1.0 1.0 -0.9999988783868314 -0.9998292262337307 1.0 -0.9999899384372148
-0.9998358500020837 1.0 1.0 -0.9999988783868314 -0.9998292262337307 1.0 -0.9999899384372148
0.9998098305714169 -0.9999988783868314 -0.9999988783868314 1.0 0.99980303169049 -0.9999988783868314 0.9999947865840284
0.9999990678833337 -0.9998292262337307 -0.9998292262337307 0.99980303169049 1.0 -0.9998292262337307 0.9997364889569367
-0.9998358500020837 1.0 1.0 -0.9999988783868314 -0.9998292262337307 1.0 -0.9999899384372148
0.9997447725619861 -0.9999899384372148 -0.9999899384372148 0.9999947865840284 0.9997364889569367 -0.9999899384372148 1.0