1.0 -0.9997078023700929 -0.9997078023700929 0.9996608993444936 0.9999952772672808 -0.9997078023700929 0.9995553399651137
-0.9997078023700929 1.0 1.0 -0.999997786417344 -0.99973839220454 1.0 -0.9999838496218613
-0.9997078023700929 1.0 1.0 -0.999997786417344 -0.99973839220454 1.0 -0.9999838496218613
0.9996608993444936 -0.999997786417344 -0.999997786417344 1.0 0.999696714381124 -0.999997786417344 0.9999913960230407
0.9999952772672808 -0.99973839220454 -0.99973839220454 0.999696714381124 1.0 -0.99973839220454 0.9995922809943916
-0.9997078023700929 1.0 1.0 -0.999997786417344 -0.99973839220454 1.0 -0.9999838496218613
0.9995553399651137 -0.9999838496218613 -0.9999838496218613 0.9999913960230407 0.9995922809943916 -0.9999838496218613 1.0