1.0 -0.999760168778811 -0.999760168778811 0.9997268033207481 0.999971668497731 -0.999760168778811 0.9996378585257347
-0.999760168778811 1.0 1.0 -0.9999983682606342 -0.9997893186563651 1.0 -0.9999870483920827
-0.999760168778811 1.0 1.0 -0.9999983682606342 -0.9997893186563651 1.0 -0.9999870483920827
0.9997268033207481 -0.9999983682606342 -0.9999983682606342 1.0 0.9997561459599462 -0.9999983682606342 0.9999928528571237
0.999971668497731 -0.9997893186563651 -0.9997893186563651 0.9997561459599462 1.0 -0.9997893186563651 0.9996735973181949
-0.999760168778811 1.0 1.0 -0.9999983682606342 -0.9997893186563651 1.0 -0.9999870483920827
0.9996378585257347 -0.9999870483920827 -0.9999870483920827 0.9999928528571237 0.9996735973181949 -0.9999870483920827 1.0