1.0 0.15039657490688163 0.886132915886769 -0.6412540675517047 0.9999826091371934 0.9627963339175646 -0.9976790159561963
0.15039657490688163 1.0 0.5831166902329088 -0.8483699590963066 0.15465653150921052 0.3969660855959864 -0.21332430940969652
0.886132915886769 0.5831166902329088 1.0 -0.9095440945896675 0.8877544706391288 0.9768310454279283 -0.9118740127388854
-0.6412540675517047 -0.8483699590963066 -0.9095440945896675 1.0 -0.6446371407882502 -0.8053268873835174 0.687847477991704
0.9999826091371934 0.15465653150921052 0.8877544706391288 -0.6446371407882502 1.0 0.963591942830605 -0.9980136070558121
0.9627963339175646 0.3969660855959864 0.9768310454279283 -0.8053268873835174 0.963591942830605 1.0 -0.975921883408866
-0.9976790159561963 -0.21332430940969652 -0.9118740127388854 0.687847477991704 -0.9980136070558121 -0.975921883408866 1.0