1.0 0.14041117602498338 0.8700104290287722 -0.5879836605509099 0.9999843389851412 0.961817305856387 -0.9976364926637626
0.14041117602498338 1.0 0.6090452198796791 -0.8681391270966221 0.14060774941231918 0.3905589903350749 -0.20420271879141222
0.8700104290287722 0.6090452198796791 1.0 -0.8966036914404077 0.8701230837527927 0.9667906395400426 -0.8995207261527671
-0.5879836605509099 -0.8681391270966221 -0.8966036914404077 1.0 -0.5878722848578654 -0.7567936764506894 0.6385186068844645
0.9999843389851412 0.14060774941231918 0.8701230837527927 -0.5878722848578654 1.0 0.9619124665513822 -0.9977414413178293
0.961817305856387 0.3905589903350749 0.9667906395400426 -0.7567936764506894 0.9619124665513822 1.0 -0.9754167039540264
-0.9976364926637626 -0.20420271879141222 -0.8995207261527671 0.6385186068844645 -0.9977414413178293 -0.9754167039540264 1.0