1.0 0.27495139406462105 0.9162334776942586 -0.6906707627369119 0.9999833173270448 0.9761748489208082 -0.9981535600170248
0.27495139406462105 1.0 0.6304281485527132 -0.8717379294638244 0.27669926031988484 0.45970198076856994 -0.32934498430802284
0.9162334776942586 0.6304281485527132 1.0 -0.9087670846166254 0.9168568688399105 0.9777085639448385 -0.9363612224426638
-0.6906707627369119 -0.8717379294638244 -0.9087670846166254 1.0 -0.6919264310513921 -0.8058581867389448 0.7297312015851412
0.9999833173270448 0.27669926031988484 0.9168568688399105 -0.6919264310513921 1.0 0.9764395699604027 -0.9983139933288019
0.9761748489208082 0.45970198076856994 0.9777085639448385 -0.8058581867389448 0.9764395699604027 1.0 -0.9850201830462734
-0.9981535600170248 -0.32934498430802284 -0.9363612224426638 0.7297312015851412 -0.9983139933288019 -0.9850201830462734 1.0