1.0 0.9999686143351071 0.9999166521891738 -0.9999510936678965 0.9999976813305306 0.9999963223770775 -0.9999975329519075
0.9999686143351071 1.0 0.9999875584631047 -0.9999814002607654 0.9999630128673388 0.9999864238113031 -0.9999835969473981
0.9999166521891738 0.9999875584631047 1.0 -0.9999682799254899 0.9999089840106363 0.9999479896400613 -0.999942620844916
-0.9999510936678965 -0.9999814002607654 -0.9999682799254899 1.0 -0.9999326632400508 -0.9999685336419946 0.9999640166945316
0.9999976813305306 0.9999630128673388 0.9999089840106363 -0.9999326632400508 1.0 0.9999928799530353 -0.9999949114609487
0.9999963223770775 0.9999864238113031 0.9999479896400613 -0.9999685336419946 0.9999928799530353 1.0 -0.9999998285234217
-0.9999975329519075 -0.9999835969473981 -0.999942620844916 0.9999640166945316 -0.9999949114609487 -0.9999998285234217 1.0