1.0 1.0 1.0 -0.999973051263401 0.9999973796596092 1.0 -0.9999998062876015
1.0 1.0 1.0 -0.9999730512634011 0.9999973796596093 1.0 -0.9999998062876017
1.0 1.0 1.0 -0.9999730512634011 0.9999973796596093 1.0 -0.9999998062876017
-0.999973051263401 -0.9999730512634011 -0.9999730512634011 1.0 -0.9999539567845454 -0.9999730512634011 0.9999683366307112
0.9999973796596092 0.9999973796596093 0.9999973796596093 -0.9999539567845454 1.0 0.9999973796596093 -0.9999985268020053
1.0 1.0 1.0 -0.9999730512634011 0.9999973796596093 1.0 -0.9999998062876017
-0.9999998062876015 -0.9999998062876017 -0.9999998062876017 0.9999683366307112 -0.9999985268020053 -0.9999998062876017 1.0