1.0 0.9996020161483697 0.9995940852807614 -0.9993087415332611 0.999972086253754 0.9995994987146107 -0.9997358184967354
0.9996020161483697 1.0 0.9999949591245447 -0.9997230910038251 0.9996402688428274 0.9999944442544292 -0.9999783654222861
0.9995940852807614 0.9999949591245447 1.0 -0.999714409561078 0.9996288952626815 0.9999788193296746 -0.9999639788232789
-0.9993087415332611 -0.9997230910038251 -0.999714409561078 1.0 -0.9992241417615689 -0.999721360231437 0.9996546645853841
0.999972086253754 0.9996402688428274 0.9996288952626815 -0.9992241417615689 1.0 0.9996413652499875 -0.9997783870474527
0.9995994987146107 0.9999944442544292 0.9999788193296746 -0.999721360231437 0.9996413652499875 1.0 -0.9999826213132851
-0.9997358184967354 -0.9999783654222861 -0.9999639788232789 0.9996546645853841 -0.9997783870474527 -0.9999826213132851 1.0