1.0 0.9999346753080063 0.9998589101810111 -0.9999783349227869 0.9999998375730705 0.999982927442121 -0.9999904784228077
0.9999346753080063 1.0 0.9999855915573603 -0.9999882500123265 0.9999410275341841 0.9999843934944661 -0.9999750330384563
0.9998589101810111 0.9999855915573603 1.0 -0.9999478189175308 0.9998683217349172 0.9999399944737589 -0.9999226919645826
-0.9999783349227869 -0.9999882500123265 -0.9999478189175308 1.0 -0.9999819242741902 -0.9999997268022051 0.999997538627225
0.9999998375730705 0.9999410275341841 0.9998683217349172 -0.9999819242741902 1.0 0.9999860954949624 -0.999992803207154
0.999982927442121 0.9999843934944661 0.9999399944737589 -0.9999997268022051 0.9999860954949624 1.0 -0.9999989054797298
-0.9999904784228077 -0.9999750330384563 -0.9999226919645826 0.999997538627225 -0.999992803207154 -0.9999989054797298 1.0