1.0 1.0000000000000002 1.0000000000000002 -0.9999771025757359 0.9999993674752082 1.0000000000000002 -0.9999999764803944
1.0000000000000002 1.0 1.0 -0.9999771025757358 0.9999993674752082 1.0 -0.9999999764803944
1.0000000000000002 1.0 1.0 -0.9999771025757358 0.9999993674752082 1.0 -0.9999999764803944
-0.9999771025757359 -0.9999771025757358 -0.9999771025757358 1.0 -0.9999840495126863 -0.9999771025757358 0.9999784167676148
0.9999993674752082 0.9999993674752082 0.9999993674752082 -0.9999840495126863 1.0 0.9999993674752082 -0.999999574535385
1.0000000000000002 1.0 1.0 -0.9999771025757358 0.9999993674752082 1.0 -0.9999999764803944
-0.9999999764803944 -0.9999999764803944 -0.9999999764803944 0.9999784167676148 -0.999999574535385 -0.9999999764803944 1.0