1.0 1.0 1.0 -0.9999767637469892 0.999996035023367 1.0 -0.9999997349487347
1.0 1.0 1.0 -0.9999767637469889 0.9999960350233669 1.0 -0.9999997349487348
1.0 1.0 1.0 -0.9999767637469889 0.9999960350233669 1.0 -0.9999997349487348
-0.9999767637469892 -0.9999767637469889 -0.9999767637469889 1.0 -0.9999536019932435 -0.9999767637469889 0.9999715353458045
0.999996035023367 0.9999960350233669 0.9999960350233669 -0.9999536019932435 1.0 0.9999960350233669 -0.9999978202607914
1.0 1.0 1.0 -0.9999767637469889 0.9999960350233669 1.0 -0.9999997349487348
-0.9999997349487347 -0.9999997349487348 -0.9999997349487348 0.9999715353458045 -0.9999978202607914 -0.9999997349487348 1.0