1.0 0.9999959341182423 0.9999959341182423 -0.9998177603527105 0.999996651416243 0.9999959341182423 -0.9999981850731372
0.9999959341182423 1.0 1.0 -0.9998681340155292 0.9999852058746282 1.0 -0.999999552156084
0.9999959341182423 1.0 1.0 -0.9998681340155292 0.9999852058746282 1.0 -0.999999552156084
-0.9998177603527105 -0.9998681340155292 -0.9998681340155292 1.0 -0.999765008407869 -0.9998681340155292 0.9998523172395598
0.999996651416243 0.9999852058746282 0.9999852058746282 -0.999765008407869 1.0 0.9999852058746282 -0.9999899060111315
0.9999959341182423 1.0 1.0 -0.9998681340155292 0.9999852058746282 1.0 -0.999999552156084
-0.9999981850731372 -0.999999552156084 -0.999999552156084 0.9998523172395598 -0.9999899060111315 -0.999999552156084 1.0