1.0 0.9999685415088426 0.9999153085200323 -0.9999881481415143 0.9999987119477712 0.9999964583904669 -0.9999967249591728
0.9999685415088426 1.0 0.9999870827555882 -0.9999538560027934 0.9999581766160736 0.9999861103629172 -0.9999849912737093
0.9999153085200323 0.9999870827555882 1.0 -0.9998988077171537 0.9998991275908812 0.9999464042380495 -0.999944397265457
-0.9999881481415143 -0.9999538560027934 -0.9998988077171537 1.0 -0.9999927334761863 -0.9999836556683701 0.9999810463369437
0.9999987119477712 0.9999581766160736 0.9998991275908812 -0.9999927334761863 1.0 0.9999921247553767 -0.9999919101788985
0.9999964583904669 0.9999861103629172 0.9999464042380495 -0.9999836556683701 0.9999921247553767 1.0 -0.9999998016374901
-0.9999967249591728 -0.9999849912737093 -0.999944397265457 0.9999810463369437 -0.9999919101788985 -0.9999998016374901 1.0