1.0 1.0 1.0 -0.9998545992396146 0.9999868222552871 1.0 -0.9999985891816813
1.0 1.0 1.0 -0.9998545992396144 0.9999868222552871 1.0 -0.999998589181681
1.0 1.0 1.0 -0.9998545992396144 0.9999868222552871 1.0 -0.999998589181681
-0.9998545992396146 -0.9998545992396144 -0.9998545992396144 1.0 -0.9997538813712309 -0.9998545992396144 0.999824544674307
0.9999868222552871 0.9999868222552871 0.9999868222552871 -0.9997538813712309 1.0 0.9999868222552871 -0.9999940349741061
1.0 1.0 1.0 -0.9998545992396144 0.9999868222552871 1.0 -0.999998589181681
-0.9999985891816813 -0.999998589181681 -0.999998589181681 0.999824544674307 -0.9999940349741061 -0.999998589181681 1.0