1.0 1.0 1.0 -0.9999592174981398 0.9999999712834156 1.0 -0.9999999827694683
1.0 1.0 1.0 -0.9999592174981401 0.9999999712834157 1.0 -0.9999999827694684
1.0 1.0 1.0 -0.9999592174981401 0.9999999712834157 1.0 -0.9999999827694684
-0.9999592174981398 -0.9999592174981401 -0.9999592174981401 1.0 -0.9999613531396854 -0.9999592174981401 0.9999575237363518
0.9999999712834156 0.9999999712834157 0.9999999712834157 -0.9999613531396854 1.0 0.9999999712834157 -0.9999999095645937
1.0 1.0 1.0 -0.9999592174981401 0.9999999712834157 1.0 -0.9999999827694684
-0.9999999827694683 -0.9999999827694684 -0.9999999827694684 0.9999575237363518 -0.9999999095645937 -0.9999999827694684 1.0