1.0 1.0 1.0 -0.9998526376113858 0.9999933532229721 1.0 -0.9999996528002515
1.0 1.0 1.0 -0.9998526376113857 0.999993353222972 1.0 -0.9999996528002513
1.0 1.0 1.0 -0.9998526376113857 0.999993353222972 1.0 -0.9999996528002513
-0.9998526376113858 -0.9998526376113857 -0.9998526376113857 1.0 -0.9997834007756716 -0.9998526376113857 0.9998379851623058
0.9999933532229721 0.999993353222972 0.999993353222972 -0.9997834007756716 1.0 0.999993353222972 -0.9999960442824282
1.0 1.0 1.0 -0.9998526376113857 0.999993353222972 1.0 -0.9999996528002513
-0.9999996528002515 -0.9999996528002513 -0.9999996528002513 0.9998379851623058 -0.9999960442824282 -0.9999996528002513 1.0