1.0 1.0 1.0 -0.9999994876449967 0.9999996176357938 1.0 -0.9999999980956831
1.0 1.0 1.0 -0.9999994876449969 0.999999617635794 1.0 -0.999999998095683
1.0 1.0 1.0 -0.9999994876449969 0.999999617635794 1.0 -0.999999998095683
-0.9999994876449967 -0.9999994876449969 -0.9999994876449969 1.0 -0.9999982200553053 -0.9999994876449969 0.9999994232687333
0.9999996176357938 0.999999617635794 0.999999617635794 -0.9999982200553053 1.0 0.999999617635794 -0.9999996696997088
1.0 1.0 1.0 -0.9999994876449969 0.999999617635794 1.0 -0.999999998095683
-0.9999999980956831 -0.999999998095683 -0.999999998095683 0.9999994232687333 -0.9999996696997088 -0.999999998095683 1.0