1.0 0.9883226090313946 0.9905527832455578 -0.9997970973132099 0.9999979567687429 0.9998906152984349 -0.999939555491084
0.9883226090313946 1.0 0.999460839477229 -0.9898751123075635 0.98853363731511 0.990442769555914 -0.9899200173819923
0.9905527832455578 0.999460839477229 1.0 -0.9920517782410523 0.9907104675912045 0.9923981602538808 -0.9919473485460296
-0.9997970973132099 -0.9898751123075635 -0.9920517782410523 1.0 -0.9997926771094142 -0.9998535603198981 0.9998576460836978
0.9999979567687429 0.98853363731511 0.9907104675912045 -0.9997926771094142 1.0 0.9999102811372519 -0.9999537460781825
0.9998906152984349 0.990442769555914 0.9923981602538808 -0.9998535603198981 0.9999102811372519 1.0 -0.9999927675623014
-0.999939555491084 -0.9899200173819923 -0.9919473485460296 0.9998576460836978 -0.9999537460781825 -0.9999927675623014 1.0