1.0 0.997221653308813 0.9950547752590236 -0.9996778008539402 0.9999983541444392 0.9999040793836875 -0.9999457768647708
0.997221653308813 1.0 0.9996539918305286 -0.9986213102669796 0.9971933447536429 0.998102186100313 -0.9978983248836575
0.9950547752590236 0.9996539918305286 1.0 -0.9970557431632152 0.9950055144676541 0.9962503456431561 -0.995966230463551
-0.9996778008539402 -0.9986213102669796 -0.9970557431632152 1.0 -0.9996720856337269 -0.9999217432730277 0.9998784412156004
0.9999983541444392 0.9971933447536429 0.9950055144676541 -0.9996720856337269 1.0 0.9999029437713531 -0.9999447891076984
0.9999040793836875 0.998102186100313 0.9962503456431561 -0.9999217432730277 0.9999029437713531 1.0 -0.9999940627105319
-0.9999457768647708 -0.9978983248836575 -0.995966230463551 0.9998784412156004 -0.9999447891076984 -0.9999940627105319 1.0