1.0 0.9982295630312696 0.9971087851105136 -0.999345441788919 0.9999968453806497 0.9998878125543409 -0.9999374659969019
0.9982295630312696 1.0 0.9997952828459685 -0.9995747902895769 0.9982745786429188 0.9989928741458826 -0.9988194769348475
0.9971087851105136 0.9997952828459685 1.0 -0.9990066488557108 0.9971535056857144 0.9980728892240993 -0.9978458099544961
-0.999345441788919 -0.9995747902895769 -0.9990066488557108 1.0 -0.9993472941908027 -0.9997375927195551 0.9996537047602494
0.9999968453806497 0.9982745786429188 0.9971535056857144 -0.9993472941908027 1.0 0.9998976482374798 -0.9999450747384109
0.9998878125543409 0.9989928741458826 0.9980728892240993 -0.9997375927195551 0.9998976482374798 1.0 -0.9999926186242337
-0.9999374659969019 -0.9988194769348475 -0.9978458099544961 0.9996537047602494 -0.9999450747384109 -0.9999926186242337 1.0