1.0 0.9996562258889695 0.9996120439711875 -0.9998517508516711 0.9999984221992149 0.9999685808402726 -0.9999820428636481
0.9996562258889695 1.0 0.9999871193313439 -0.9997972277406599 0.9996781098369812 0.9998243772988368 -0.9997899343117154
0.9996120439711875 0.9999871193313439 1.0 -0.9997796752679933 0.9996324446535323 0.9997912616130402 -0.9997537736744729
-0.9998517508516711 -0.9997972277406599 -0.9997796752679933 1.0 -0.9998452103987375 -0.9999256851363159 0.9999099175166404
0.9999984221992149 0.9996781098369812 0.9996324446535323 -0.9998452103987375 1.0 0.9999730640376596 -0.9999854933678598
0.9999685808402726 0.9998243772988368 0.9997912616130402 -0.9999256851363159 0.9999730640376596 1.0 -0.9999980463604496
-0.9999820428636481 -0.9997899343117154 -0.9997537736744729 0.9999099175166404 -0.9999854933678598 -0.9999980463604496 1.0