1.0 0.9863648693716076 0.9888070326398493 -0.9992699036433743 0.9999984082565461 0.9998093144637823 -0.9998907428243181
0.9863648693716076 1.0 0.999594408513954 -0.991541282302343 0.986502373142291 0.9892436470838694 -0.988569077678346
0.9888070326398493 0.999594408513954 1.0 -0.9934917637482309 0.988944613127111 0.9914393798846975 -0.9908269951555161
-0.9992699036433743 -0.991541282302343 -0.9934917637482309 1.0 -0.9992993166502026 -0.9997940270024744 0.999699337786369
0.9999984082565461 0.986502373142291 0.988944613127111 -0.9992993166502026 1.0 0.9998302977917787 -0.9999065312530395
0.9998093144637823 0.9892436470838694 0.9914393798846975 -0.9997940270024744 0.9998302977917787 1.0 -0.9999886861279744
-0.9998907428243181 -0.988569077678346 -0.9908269951555161 0.999699337786369 -0.9999065312530395 -0.9999886861279744 1.0