1.0 0.9990191685553348 0.9985717450408546 -0.9995927136315654 0.9999985453962619 0.9999055672155817 -0.9999465447358901
0.9990191685553348 1.0 0.9999287575473395 -0.9996222284740399 0.999036749478008 0.999512991686561 -0.999410002271443
0.9985717450408546 0.9999287575473395 1.0 -0.9993782681155735 0.9985902816902862 0.999176893933698 -0.9990457990706212
-0.9995927136315654 -0.9996222284740399 -0.9993782681155735 1.0 -0.9995831074995662 -0.9998546786465542 0.9998039079181025
0.9999985453962619 0.999036749478008 0.9985902816902862 -0.9995831074995662 1.0 0.9999068139195909 -0.9999475652473795
0.9999055672155817 0.999512991686561 0.999176893933698 -0.9998546786465542 0.9999068139195909 1.0 -0.9999941259852624
-0.9999465447358901 -0.999410002271443 -0.9990457990706212 0.9998039079181025 -0.9999475652473795 -0.9999941259852624 1.0