1.0 0.9984928536860801 0.9976581876206376 -0.9997355917333672 0.9999987728127089 0.9999272755316219 -0.999958851905415
0.9984928536860801 1.0 0.9994319757728988 -0.9992045599383508 0.9984989362042558 0.9990678410044694 -0.9989375535178918
0.9976581876206376 0.9994319757728988 1.0 -0.9988887037373385 0.9976208177172384 0.9982838524890021 -0.9981307716625577
-0.9997355917333672 -0.9992045599383508 -0.9988887037373385 1.0 -0.9997163997260631 -0.9998669487503495 0.9998425081609921
0.9999987728127089 0.9984989362042558 0.9976208177172384 -0.9997163997260631 1.0 0.9999284913813261 -0.9999599258259094
0.9999272755316219 0.9990678410044694 0.9982838524890021 -0.9998669487503495 0.9999284913813261 1.0 -0.9999954412851189
-0.999958851905415 -0.9989375535178918 -0.9981307716625577 0.9998425081609921 -0.9999599258259094 -0.9999954412851189 1.0