1.0 0.9982680754273903 0.9979619078683618 -0.9997922808312733 0.9999968209285721 0.999920591683377 -0.9999517806184426
0.9982680754273903 1.0 0.999691870640592 -0.9988856958940455 0.9983926250968913 0.9989159354073724 -0.9987854034413802
0.9979619078683618 0.999691870640592 1.0 -0.9987880494567541 0.9980814759121392 0.998626641224157 -0.9984880211269268
-0.9997922808312733 -0.9988856958940455 -0.9987880494567541 1.0 -0.9998135886907589 -0.9998929826884639 0.9998805993800871
0.9999968209285721 0.9983926250968913 0.9980814759121392 -0.9998135886907589 1.0 0.9999454255092671 -0.9999706223332674
0.999920591683377 0.9989159354073724 0.998626641224157 -0.9998929826884639 0.9999454255092671 1.0 -0.9999960672695786
-0.9999517806184426 -0.9987854034413802 -0.9984880211269268 0.9998805993800871 -0.9999706223332674 -0.9999960672695786 1.0