1.0 0.9896662216885571 0.9897763182547943 -0.9995622831587737 0.9999974018972262 0.9998007377480627 -0.9998860674085059
0.9896662216885571 1.0 0.9996587822927869 -0.9927275987557366 0.9899502058355404 0.9922570646910508 -0.9916666917312531
0.9897763182547943 0.9996587822927869 1.0 -0.992963131659947 0.9900622615518406 0.9923786744537829 -0.9917812832208593
-0.9995622831587737 -0.9927275987557366 -0.992963131659947 1.0 -0.9996009689431774 -0.9998908991608049 0.9998454622334351
0.9999974018972262 0.9899502058355404 0.9900622615518406 -0.9996009689431774 1.0 0.9998380227350251 -0.99991381963041
0.9998007377480627 0.9922570646910508 0.9923786744537829 -0.9998908991608049 0.9998380227350251 1.0 -0.9999880801576296
-0.9998860674085059 -0.9916666917312531 -0.9917812832208593 0.9998454622334351 -0.99991381963041 -0.9999880801576296 1.0