1.0 0.9927179592577676 0.9921347038317515 -0.9996999271101877 0.9999978415712969 0.9999336063327001 -0.9999642685403446
0.9927179592577676 1.0 0.9997932109109195 -0.993911259755243 0.9928163921447559 0.9940108329010916 -0.9936858175344918
0.9921347038317515 0.9997932109109195 1.0 -0.9937716177194159 0.9922032797384795 0.9935077436391534 -0.9931535476512344
-0.9996999271101877 -0.993911259755243 -0.9937716177194159 1.0 -0.9996694942664017 -0.9998149041673451 0.9997885575333441
0.9999978415712969 0.9928163921447559 0.9922032797384795 -0.9996694942664017 1.0 0.9999377247896762 -0.9999675759978129
0.9999336063327001 0.9940108329010916 0.9935077436391534 -0.9998149041673451 0.9999377247896762 1.0 -0.9999951422747478
-0.9999642685403446 -0.9936858175344918 -0.9931535476512344 0.9997885575333441 -0.9999675759978129 -0.9999951422747478 1.0