1.0 0.9745474786198044 0.9666019679108794 -0.9988136725647638 0.9999976330276442 0.999822121512252 -0.9999047606353872
0.9745474786198044 1.0 0.9987371893719768 -0.9813134777295652 0.9745295397959339 0.9783797309212845 -0.9773849362248399
0.9666019679108794 0.9987371893719768 1.0 -0.9752261252277902 0.9665131447204772 0.9708613934796795 -0.9697411626781476
-0.9988136725647638 -0.9813134777295652 -0.9752261252277902 1.0 -0.9987467502446207 -0.9993149846391888 0.999200632167976
0.9999976330276442 0.9745295397959339 0.9665131447204772 -0.9987467502446207 1.0 0.9998191705782531 -0.9999028269401764
0.999822121512252 0.9783797309212845 0.9708613934796795 -0.9993149846391888 0.9998191705782531 1.0 -0.9999870367684277
-0.9999047606353872 -0.9773849362248399 -0.9697411626781476 0.999200632167976 -0.9999028269401764 -0.9999870367684277 1.0