1.0 0.9937604455409171 0.9884745899732318 -0.9989720834706001 0.9999994117606447 0.9998512958182404 -0.9999191776266557
0.9937604455409171 1.0 0.999088689109537 -0.9975606320574051 0.9937481311007185 0.9954807096221173 -0.9950585655471392
0.9884745899732318 0.999088689109537 1.0 -0.9940877452938348 0.9884583054161206 0.9909068637023559 -0.9902979553954426
-0.9989720834706001 -0.9975606320574051 -0.9940877452938348 1.0 -0.9989603585594196 -0.9995920178153564 0.9994560523736555
0.9999994117606447 0.9937481311007185 0.9884583054161206 -0.9989603585594196 1.0 0.9998483296219502 -0.9999171064058143
0.9998512958182404 0.9954807096221173 0.9909068637023559 -0.9995920178153564 0.9998483296219502 1.0 -0.9999896682586196
-0.9999191776266557 -0.9950585655471392 -0.9902979553954426 0.9994560523736555 -0.9999171064058143 -0.9999896682586196 1.0