1.0 0.998107034340863 0.9970623728689796 -0.9998340174813969 0.9999977865504664 0.999910968999126 -0.9999534292723035
0.998107034340863 1.0 0.9997974507492212 -0.9989912209420274 0.9980008224754283 0.998792893163449 -0.9986141869222506
0.9970623728689796 0.9997974507492212 1.0 -0.9981640095943277 0.9969259266439044 0.9979087698765895 -0.9976830989980114
-0.9998340174813969 -0.9989912209420274 -0.9981640095943277 1.0 -0.9998010937662455 -0.9999798079157889 0.9999565270129431
0.9999977865504664 0.9980008224754283 0.9969259266439044 -0.9998010937662455 1.0 0.9998894428651629 -0.9999376397782808
0.999910968999126 0.998792893163449 0.9979087698765895 -0.9999798079157889 0.9998894428651629 1.0 -0.9999931094777104
-0.9999534292723035 -0.9986141869222506 -0.9976830989980114 0.9999565270129431 -0.9999376397782808 -0.9999931094777104 1.0