1.0 0.9902280750567108 0.9871400369803416 -0.9989266448061362 0.9999970853265407 0.9998781389075835 -0.9999373326166395
0.9902280750567108 1.0 0.9995777498330178 -0.9950332673259574 0.990056467238209 0.9922085814291731 -0.9916585734969708
0.9871400369803416 0.9995777498330178 1.0 -0.9931348228251103 0.9869206713017032 0.9894296270794282 -0.9887848118404261
-0.9989266448061362 -0.9950332673259574 -0.9931348228251103 1.0 -0.998850203635936 -0.99945108917518 0.9993175239374866
0.9999970853265407 0.990056467238209 0.9869206713017032 -0.998850203635936 1.0 0.9998613827312668 -0.9999255786004908
0.9998781389075835 0.9922085814291731 0.9894296270794282 -0.99945108917518 0.9998613827312668 1.0 -0.9999900699287445
-0.9999373326166395 -0.9916585734969708 -0.9887848118404261 0.9993175239374866 -0.9999255786004908 -0.9999900699287445 1.0