1.0 0.9986709191482707 0.9971656132894199 -0.9998275734559027 0.999999282157462 0.9999274145648783 -0.9999577566072053
0.9986709191482707 1.0 0.9996944845278719 -0.9993273651510104 0.9986911632401357 0.9991810138133775 -0.9990697902378731
0.9971656132894199 0.9996944845278719 1.0 -0.9981963472801194 0.9971895956162936 0.9979198713175684 -0.9977479779946079
-0.9998275734559027 -0.9993273651510104 -0.9981963472801194 1.0 -0.9998314158097681 -0.9999546537471913 0.9999349319871839
0.999999282157462 0.9986911632401357 0.9971895956162936 -0.9998314158097681 1.0 0.9999333431931358 -0.9999623060057061
0.9999274145648783 0.9991810138133775 0.9979198713175684 -0.9999546537471913 0.9999333431931358 1.0 -0.9999958236527972
-0.9999577566072053 -0.9990697902378731 -0.9977479779946079 0.9999349319871839 -0.9999623060057061 -0.9999958236527972 1.0