1.0 0.998464772219025 0.9981133384740731 -0.9996300036394626 0.999999342822495 0.9999202458515984 -0.9999526894658116
0.998464772219025 1.0 0.9999366862741191 -0.9995253965486193 0.9984956837482151 0.9990766307786888 -0.9989494576986668
0.9981133384740731 0.9999366862741191 1.0 -0.9993082245863235 0.9981464967292202 0.9987798328369872 -0.9986393519626605
-0.9996300036394626 -0.9995253965486193 -0.9993082245863235 1.0 -0.9996409605387464 -0.9998790221089446 0.9998347911176867
0.999999342822495 0.9984956837482151 0.9981464967292202 -0.9996409605387464 1.0 0.9999270732446615 -0.9999579678086525
0.9999202458515984 0.9990766307786888 0.9987798328369872 -0.9998790221089446 0.9999270732446615 1.0 -0.9999957562875154
-0.9999526894658116 -0.9989494576986668 -0.9986393519626605 0.9998347911176867 -0.9999579678086525 -0.9999957562875154 1.0