1.0 0.9914236426121519 0.9934982025293825 -0.9996647614080887 0.9999964960359679 0.9998450512437451 -0.9999119956678736
0.9914236426121519 1.0 0.9997770248741596 -0.993358855995319 0.9915353031338805 0.993383110326312 -0.9929236211907847
0.9934982025293825 0.9997770248741596 1.0 -0.9951222554041811 0.9935846491408855 0.9951437506699465 -0.9947616466667067
-0.9996647614080887 -0.993358855995319 -0.9951222554041811 1.0 -0.9996674830681399 -0.9998688036480559 0.9998440940101001
0.9999964960359679 0.9915353031338805 0.9935846491408855 -0.9996674830681399 1.0 0.9998657723051706 -0.9999272914660279
0.9998450512437451 0.993383110326312 0.9951437506699465 -0.9998688036480559 0.9998657723051706 1.0 -0.9999905258878151
-0.9999119956678736 -0.9929236211907847 -0.9947616466667067 0.9998440940101001 -0.9999272914660279 -0.9999905258878151 1.0