1.0 0.9727003733007143 0.9596819985630928 -0.9984385315870143 0.9999981456586602 0.9997961279610815 -0.9998916233771551
0.9727003733007143 1.0 0.9986889893092438 -0.9827740360760446 0.9724334524919459 0.9769772486229394 -0.9758645131909789
0.9596819985630928 0.9986889893092438 1.0 -0.9723019847942292 0.9593533607041131 0.9649138536054237 -0.9635426371431491
-0.9984385315870143 -0.9827740360760446 -0.9723019847942292 1.0 -0.9983464144052296 -0.9993219549353467 0.9991186400406331
0.9999981456586602 0.9724334524919459 0.9593533607041131 -0.9983464144052296 1.0 0.9997671563306879 -0.9998703440861813
0.9997961279610815 0.9769772486229394 0.9649138536054237 -0.9993219549353467 0.9997671563306879 1.0 -0.9999849677250261
-0.9998916233771551 -0.9758645131909789 -0.9635426371431491 0.9991186400406331 -0.9998703440861813 -0.9999849677250261 1.0