1.0 0.9845464526325616 0.9859245841682821 -0.9992849172052873 0.9999989669622359 0.9997893461738865 -0.9998813297425424
0.9845464526325616 1.0 0.9998220421559636 -0.9897585513564336 0.9845859094207637 0.9877177292379625 -0.9869650035295164
0.9859245841682821 0.9998220421559636 1.0 -0.9910393898289799 0.9859466040545541 0.9889584852714898 -0.9882373597951853
-0.9992849172052873 -0.9897585513564336 -0.9910393898289799 1.0 -0.999285943984138 -0.9998228703913022 0.9997256128730975
0.9999989669622359 0.9845859094207637 0.9859466040545541 -0.999285943984138 1.0 0.9997957945111419 -0.9998862506296028
0.9997893461738865 0.9877177292379625 0.9889584852714898 -0.9998228703913022 0.9997957945111419 1.0 -0.9999868232059096
-0.9998813297425424 -0.9869650035295164 -0.9882373597951853 0.9997256128730975 -0.9998862506296028 -0.9999868232059096 1.0