1.0 0.9971408732696936 0.9943617985490668 -0.9990391117924682 0.9999984209201643 0.9997983076897469 -0.9998857729284122
0.9971408732696936 1.0 0.9994604201611175 -0.9993819398195203 0.9971186068540827 0.9983971258230004 -0.9981206132618303
0.9943617985490668 0.9994604201611175 1.0 -0.997941843891797 0.994312973226609 0.9961564278790069 -0.9957426419438713
-0.9990391117924682 -0.9993819398195203 -0.997941843891797 1.0 -0.9990155161942675 -0.9996841973315131 0.9995592132493228
0.9999984209201643 0.9971186068540827 0.994312973226609 -0.9990155161942675 1.0 0.9997946490146715 -0.9998830600229774
0.9997983076897469 0.9983971258230004 0.9961564278790069 -0.9996841973315131 0.9997946490146715 1.0 -0.9999875866978811
-0.9998857729284122 -0.9981206132618303 -0.9957426419438713 0.9995592132493228 -0.9998830600229774 -0.9999875866978811 1.0