1.0 0.9982306211066514 0.9982066574204689 -0.9997797353338579 0.9999975333923583 0.9998891043023785 -0.9999344519004858
0.9982306211066514 1.0 0.9999248689135116 -0.9989398818875361 0.9983419936492514 0.9989902983595048 -0.9988360203126125
0.9982066574204689 0.9999248689135116 1.0 -0.9990355760263658 0.9983125740984142 0.9989833212911855 -0.9988235044719833
-0.9997797353338579 -0.9989398818875361 -0.9990355760263658 1.0 -0.9997979581819003 -0.9999286507987974 0.9999117042167152
0.9999975333923583 0.9983419936492514 0.9983125740984142 -0.9997979581819003 1.0 0.999913809168034 -0.9999530998698066
0.9998891043023785 0.9989902983595048 0.9989833212911855 -0.9999286507987974 0.999913809168034 1.0 -0.9999940316952302
-0.9999344519004858 -0.9988360203126125 -0.9988235044719833 0.9999117042167152 -0.9999530998698066 -0.9999940316952302 1.0