1.0 0.9986280294297707 0.9980702438676032 -0.9999021048164372 0.9999982288404419 0.9999347756567087 -0.9999612554546454
0.9986280294297707 1.0 0.9998947431364101 -0.9991135890488544 0.9987080686462834 0.999157214513714 -0.9990477934047545
0.9980702438676032 0.9998947431364101 1.0 -0.9986823051911806 0.998164800349376 0.9987120272741067 -0.9985753475927136
-0.9999021048164372 -0.9991135890488544 -0.9986823051911806 1.0 -0.999910277265037 -0.9999653568379391 0.9999602717602933
0.9999982288404419 0.9987080686462834 0.998164800349376 -0.999910277265037 1.0 0.9999510190851447 -0.9999736036808522
0.9999347756567087 0.999157214513714 0.9987120272741067 -0.9999653568379391 0.9999510190851447 1.0 -0.9999965140690088
-0.9999612554546454 -0.9990477934047545 -0.9985753475927136 0.9999602717602933 -0.9999736036808522 -0.9999965140690088 1.0