1.0 0.9924164574002814 0.9894848323526536 -0.9997006338168547 0.9999985332527013 0.999895017514543 -0.9999421566121507
0.9924164574002814 1.0 0.9997017733594102 -0.9940885833136117 0.9923575504847211 0.9939043251870854 -0.9935369440439207
0.9894848323526536 0.9997017733594102 1.0 -0.9914506603110786 0.9894059660470771 0.991215355879485 -0.9907836186257087
-0.9997006338168547 -0.9940885833136117 -0.9914506603110786 1.0 -0.9996927118337248 -0.9998971428985108 0.9998637278669138
0.9999985332527013 0.9923575504847211 0.9894059660470771 -0.9996927118337248 1.0 0.9998928695616709 -0.9999405963886298
0.999895017514543 0.9939043251870854 0.991215355879485 -0.9998971428985108 0.9998928695616709 1.0 -0.9999929561432175
-0.9999421566121507 -0.9935369440439207 -0.9907836186257087 0.9998637278669138 -0.9999405963886298 -0.9999929561432175 1.0