1.0 0.9929881569968666 0.9915393638293195 -0.9992450656549065 0.9999950560759907 0.9997843331238142 -0.9998737435749219
0.9929881569968666 1.0 0.9995451746195774 -0.9958242395457753 0.9931019510298522 0.9949364841244344 -0.9944997118674176
0.9915393638293195 0.9995451746195774 1.0 -0.9949656782834669 0.9916326431880678 0.993665508581643 -0.9931764395435869
-0.9992450656549065 -0.9958242395457753 -0.9949656782834669 1.0 -0.9992535949568642 -0.9997084915381299 0.9996245974509141
0.9999950560759907 0.9931019510298522 0.9916326431880678 -0.9992535949568642 1.0 0.9998133075801429 -0.9998964883531327
0.9997843331238142 0.9949364841244344 0.993665508581643 -0.9997084915381299 0.9998133075801429 1.0 -0.9999877143854621
-0.9998737435749219 -0.9944997118674176 -0.9931764395435869 0.9996245974509141 -0.9998964883531327 -0.9999877143854621 1.0