1.0 0.981285968590428 0.9788229789394975 -0.9996695616667661 0.9999968449046808 0.9998365050290701 -0.9999088543821153
0.981285968590428 1.0 0.9997446854368718 -0.9852078219325928 0.9816065690112142 0.9844464672584473 -0.9836612550213515
0.9788229789394975 0.9997446854368718 1.0 -0.9830927167022367 0.9791348871785466 0.9821566656867767 -0.9813231559031413
-0.9996695616667661 -0.9852078219325928 -0.9830927167022367 1.0 -0.9997037330214456 -0.9999408658908314 0.9999017738098014
0.9999968449046808 0.9816065690112142 0.9791348871785466 -0.9997037330214456 1.0 0.9998683885817071 -0.9999323309632221
0.9998365050290701 0.9844464672584473 0.9821566656867767 -0.9999408658908314 0.9998683885817071 1.0 -0.9999894182566686
-0.9999088543821153 -0.9836612550213515 -0.9813231559031413 0.9999017738098014 -0.9999323309632221 -0.9999894182566686 1.0