1.0 0.9949920922435749 0.9904918606457906 -0.9993140223810975 0.9999992774462175 0.9999062325853119 -0.9999489310293702
0.9949920922435749 1.0 0.9992196984720567 -0.9977857299271476 0.9949728614877452 0.9962161175540191 -0.995912058516993
0.9904918606457906 0.9992196984720567 1.0 -0.994633852303875 0.9904625825004854 0.9922281110165988 -0.9917886009202532
-0.9993140223810975 -0.9977857299271476 -0.994633852303875 1.0 -0.9992990617804738 -0.9997096146495392 0.9996213928921635
0.9999992774462175 0.9949728614877452 0.9904625825004854 -0.9992990617804738 1.0 0.9999030705731963 -0.9999466759215692
0.9999062325853119 0.9962161175540191 0.9922281110165988 -0.9997096146495392 0.9999030705731963 1.0 -0.9999934992176771
-0.9999489310293702 -0.995912058516993 -0.9917886009202532 0.9996213928921635 -0.9999466759215692 -0.9999934992176771 1.0