1.0 0.9980811425660148 0.9963209830968526 -0.9994980668459897 0.9999987051792077 0.9999057106823196 -0.9999469602303591
0.9980811425660148 1.0 0.9996516916372371 -0.9993216918915805 0.9980897281962388 0.9988274634223169 -0.99865962696454
0.9963209830968526 0.9996516916372371 1.0 -0.9982706052432895 0.9963306362293434 0.9973734183660771 -0.9971273490183553
-0.9994980668459897 -0.9993216918915805 -0.9982706052432895 1.0 -0.9994828809593778 -0.9998070858012895 0.9997434544081812
0.9999987051792077 0.9980897281962388 0.9963306362293434 -0.9994828809593778 1.0 0.9999044692152176 -0.9999460656827611
0.9999057106823196 0.9988274634223169 0.9973734183660771 -0.9998070858012895 0.9999044692152176 1.0 -0.9999940256064191
-0.9999469602303591 -0.99865962696454 -0.9971273490183553 0.9997434544081812 -0.9999460656827611 -0.9999940256064191 1.0