1.0 0.9996868856998661 0.9995936824989697 -0.9998590967325854 0.9999986180816672 0.9999611514138327 -0.9999774987612701
0.9996868856998661 1.0 0.9999737782259627 -0.9998297865526807 0.9996963174038012 0.999861233376301 -0.9998266229440399
0.9995936824989697 0.9999737782259627 1.0 -0.9997667674621042 0.9996005427653857 0.9997867933766507 -0.9997473630176159
-0.9998590967325854 -0.9998297865526807 -0.9997667674621042 1.0 -0.9998464185674844 -0.9999282648544952 0.9999146620838332
0.9999986180816672 0.9996963174038012 0.9996005427653857 -0.9998464185674844 1.0 0.9999629780581049 -0.99997907526317
0.9999611514138327 0.999861233376301 0.9997867933766507 -0.9999282648544952 0.9999629780581049 1.0 -0.9999976755041537
-0.9999774987612701 -0.9998266229440399 -0.9997473630176159 0.9999146620838332 -0.99997907526317 -0.9999976755041537 1.0