1.0 0.8548172745027404 0.7823175011926418 -0.9955075565457226 0.999998037553184 0.9955083878074833 -0.9998810519299232
0.8548172745027404 1.0 0.9888771405906471 -0.8965552782326178 0.8554213384079257 0.893023581641321 -0.8619069783151238
0.7823175011926418 0.9888771405906471 1.0 -0.8337700289058522 0.7829870396087556 0.8274092611441892 -0.7909753367574803
-0.9955075565457226 -0.8965552782326178 -0.8337700289058522 1.0 -0.9956332049712656 -0.9972977410169952 0.9967395927385754
0.999998037553184 0.8554213384079257 0.7829870396087556 -0.9956332049712656 1.0 0.9955895826909751 -0.9998998622044478
0.9955083878074833 0.893023581641321 0.8274092611441892 -0.9972977410169952 0.9955895826909751 1.0 -0.9963149909628618
-0.9998810519299232 -0.8619069783151238 -0.7909753367574803 0.9967395927385754 -0.9998998622044478 -0.9963149909628618 1.0