1.0 0.8894043869583957 0.8374904042492036 -0.9958127897577785 0.9999973041530781 0.9964564536463572 -0.9998053094005638
0.8894043869583957 1.0 0.9921757806980935 -0.9243286258793522 0.8899865629535717 0.9193678953827858 -0.8971532405155399
0.8374904042492036 0.9921757806980935 1.0 -0.8809754921746401 0.8381359582962034 0.8728162550595303 -0.8470106837564574
-0.9958127897577785 -0.9243286258793522 -0.8809754921746401 1.0 -0.9959324281212562 -0.9977707429242773 0.9972843206334291
0.9999973041530781 0.8899865629535717 0.8381359582962034 -0.9959324281212562 1.0 0.9965380723757394 -0.9998326494249237
0.9964564536463572 0.9193678953827858 0.8728162550595303 -0.9977707429242773 0.9965380723757394 1.0 -0.9973418731861328
-0.9998053094005638 -0.8971532405155399 -0.8470106837564574 0.9972843206334291 -0.9998326494249237 -0.9973418731861328 1.0