1.0 -5.87848472798285E-4 0.5335150303718044 -0.8901758993879157 0.9999476456755134 0.9171161965250021 -0.9986537957406791
-5.87848472798285E-4 1.0 0.7892982397134406 0.09573470484718956 -3.7038024146711693E-4 0.34706347601865273 -0.04728141951418052
0.5335150303718044 0.7892982397134406 1.0 -0.3726376857698151 0.5314372059952696 0.8068448885262178 -0.5663949632650503
-0.8901758993879157 0.09573470484718956 -0.3726376857698151 1.0 -0.8898985317775899 -0.7243938234862655 0.8873027606660319
0.9999476456755134 -3.7038024146711693E-4 0.5314372059952696 -0.8898985317775899 1.0 0.9165751931778902 -0.9987562855317494
0.9171161965250021 0.34706347601865273 0.8068448885262178 -0.7243938234862655 0.9165751931778902 1.0 -0.9303481491496488
-0.9986537957406791 -0.04728141951418052 -0.5663949632650503 0.8873027606660319 -0.9987562855317494 -0.9303481491496488 1.0