1.0 -0.10515388353341643 0.4721083779112229 -0.8666090558764363 0.9999507868200735 0.9070697095594639 -0.9989708784958493
-0.10515388353341643 1.0 0.7660041954684415 0.2337689614364483 -0.10595061180652246 0.2697840638247041 0.06377794858773772
0.4721083779112229 0.7660041954684415 1.0 -0.26759900923659763 0.46913653960940754 0.7781102789831895 -0.5013872825601633
-0.8666090558764363 0.2337689614364483 -0.26759900923659763 1.0 -0.866104447001346 -0.6690010645409427 0.8619524809379868
0.9999507868200735 -0.10595061180652246 0.46913653960940754 -0.866104447001346 1.0 0.9062001112984094 -0.9990180105408654
0.9070697095594639 0.2697840638247041 0.7781102789831895 -0.6690010645409427 0.9062001112984094 1.0 -0.9193386288390101
-0.9989708784958493 0.06377794858773772 -0.5013872825601633 0.8619524809379868 -0.9990180105408654 -0.9193386288390101 1.0