1.0 -0.12131420037957127 0.4515614547321915 -0.8608097059056876 0.9999538656576923 0.9048994321368022 -0.99898423942067
-0.12131420037957127 1.0 0.7714633132506864 0.25868637391244215 -0.12106661636725624 0.2614522535252901 0.07998486999690546
0.4515614547321915 0.7714633132506864 1.0 -0.23605678386187476 0.44952948721550184 0.7680702537106417 -0.4816414894334892
-0.8608097059056876 0.25868637391244215 -0.23605678386187476 1.0 -0.8603467373327506 -0.6567627979453933 0.8558419279283694
0.9999538656576923 -0.12106661636725624 0.44952948721550184 -0.8603467373327506 1.0 0.9043410044102563 -0.9990720624232975
0.9048994321368022 0.2614522535252901 0.7680702537106417 -0.6567627979453933 0.9043410044102563 1.0 -0.9174346915552549
-0.99898423942067 0.07998486999690546 -0.4816414894334892 0.8558419279283694 -0.9990720624232975 -0.9174346915552549 1.0