1.0 -0.9853990948855832 -0.9853489969093674 0.9850653805684778 0.9978763892429848 -0.9853489969093674 0.9813813638970236
-0.9853990948855832 1.0 0.9999949405588224 -0.9997443137650056 -0.9863316130219205 0.9999949405588224 -0.9997179656948313
-0.9853489969093674 0.9999949405588224 1.0 -0.9997779073402199 -0.986366665824543 1.0 -0.9997163904539147
0.9850653805684778 -0.9997443137650056 -0.9997779073402199 1.0 0.987320221995873 -0.9997779073402199 0.9992961490152774
0.9978763892429848 -0.9863316130219205 -0.986366665824543 0.987320221995873 1.0 -0.986366665824543 0.9821921286717472
-0.9853489969093674 0.9999949405588224 1.0 -0.9997779073402199 -0.986366665824543 1.0 -0.9997163904539147
0.9813813638970236 -0.9997179656948313 -0.9997163904539147 0.9992961490152774 0.9821921286717472 -0.9997163904539147 1.0