1.0 -0.97133145694551 -0.9711632267638357 0.9715995171585218 0.9952958721484563 -0.9712760195412657 0.9656885802036991
-0.97133145694551 1.0 0.9999891953594958 -0.9997154608628199 -0.9806727831363534 0.999979568421995 -0.9996681810932662
-0.9711632267638357 0.9999891953594958 1.0 -0.9996704231697082 -0.9804803743605482 0.9999703908741809 -0.9996837924533806
0.9715995171585218 -0.9997154608628199 -0.9996704231697082 1.0 0.9823793074865015 -0.9997137246173584 0.9991396065990276
0.9952958721484563 -0.9806727831363534 -0.9804803743605482 0.9823793074865015 1.0 -0.9805085337030426 0.9754828665138647
-0.9712760195412657 0.999979568421995 0.9999703908741809 -0.9997137246173584 -0.9805085337030426 1.0 -0.9997054264947531
0.9656885802036991 -0.9996681810932662 -0.9996837924533806 0.9991396065990276 0.9754828665138647 -0.9997054264947531 1.0