1.0 -0.9272209714731744 -0.9272899668479736 0.9251914696662115 0.9906209339168963 -0.9271279645514928 0.91869440025561
-0.9272209714731744 1.0 0.9999891264118559 -0.9998439176388946 -0.9618571155464712 0.9999882704620691 -0.9997270504048678
-0.9272899668479736 0.9999891264118559 1.0 -0.9998110329553724 -0.9619141506841863 0.9999548102156705 -0.999687381093071
0.9251914696662115 -0.9998439176388946 -0.9998110329553724 1.0 0.961473897308898 -0.9998550527129445 0.9996181285927707
0.9906209339168963 -0.9618571155464712 -0.9619141506841863 0.961473897308898 1.0 -0.961775733259557 0.9553720761528363
-0.9271279645514928 0.9999882704620691 0.9999548102156705 -0.9998550527129445 -0.961775733259557 1.0 -0.9997452347753571
0.91869440025561 -0.9997270504048678 -0.999687381093071 0.9996181285927707 0.9553720761528363 -0.9997452347753571 1.0