1.0 -0.9898115705246935 -0.9898115705246935 0.9889660996638494 0.9978534489540943 -0.9898115705246935 0.9869699359351369
-0.9898115705246935 1.0 1.0 -0.9997363052826652 -0.9914475058076969 1.0 -0.999776686921824
-0.9898115705246935 1.0 1.0 -0.9997363052826652 -0.9914475058076969 1.0 -0.999776686921824
0.9889660996638494 -0.9997363052826652 -0.9997363052826652 1.0 0.9919967816388874 -0.9997363052826652 0.9993588189003206
0.9978534489540943 -0.9914475058076969 -0.9914475058076969 0.9919967816388874 1.0 -0.9914475058076969 0.9884791749657221
-0.9898115705246935 1.0 1.0 -0.9997363052826652 -0.9914475058076969 1.0 -0.999776686921824
0.9869699359351369 -0.999776686921824 -0.999776686921824 0.9993588189003206 0.9884791749657221 -0.999776686921824 1.0