1.0 -0.9847004223851548 -0.9847004223851548 0.9838036803695229 0.9972418471205167 -0.9847004223851548 0.98040502961771
-0.9847004223851548 1.0 1.0 -0.9997162345868236 -0.9878533586955633 1.0 -0.9996688555454077
-0.9847004223851548 1.0 1.0 -0.9997162345868236 -0.9878533586955633 1.0 -0.9996688555454077
0.9838036803695229 -0.9997162345868236 -0.9997162345868236 1.0 0.9884812112305218 -0.9997162345868236 0.9991947434939706
0.9972418471205167 -0.9878533586955633 -0.9878533586955633 0.9884812112305218 1.0 -0.9878533586955633 0.9835486140680195
-0.9847004223851548 1.0 1.0 -0.9997162345868236 -0.9878533586955633 1.0 -0.9996688555454077
0.98040502961771 -0.9996688555454077 -0.9996688555454077 0.9991947434939706 0.9835486140680195 -0.9996688555454077 1.0