1.0 -0.9628159998683253 -0.9624571969961804 0.9616792992660972 0.9936949357280126 -0.9627946908648849 0.9556302454662201
-0.9628159998683253 1.0 0.9999860155744285 -0.9995831188755541 -0.974883922929482 0.9999814147202212 -0.9995934660726437
-0.9624571969961804 0.9999860155744285 1.0 -0.9995688251730621 -0.974605768057958 0.9999693319377142 -0.9996176373590218
0.9616792992660972 -0.9995831188755541 -0.9995688251730621 1.0 0.976274384513003 -0.9996023085105704 0.9989784638659288
0.9936949357280126 -0.974883922929482 -0.974605768057958 0.976274384513003 1.0 -0.9748046310776216 0.9683228482719596
-0.9627946908648849 0.9999814147202212 0.9999693319377142 -0.9996023085105704 -0.9748046310776216 1.0 -0.9996200963007238
0.9556302454662201 -0.9995934660726437 -0.9996176373590218 0.9989784638659288 0.9683228482719596 -0.9996200963007238 1.0