1.0 -0.9855520657057326 -0.9855520657057326 0.9842568465834265 0.9973646813630621 -0.9855520657057326 0.9818771436110287
-0.9855520657057326 1.0 1.0 -0.9996926833513335 -0.9894258294234266 1.0 -0.9997418935625946
-0.9855520657057326 1.0 1.0 -0.9996926833513335 -0.9894258294234266 1.0 -0.9997418935625946
0.9842568465834265 -0.9996926833513335 -0.9996926833513335 1.0 0.9897747611692224 -0.9996926833513335 0.999304606584321
0.9973646813630621 -0.9894258294234266 -0.9894258294234266 0.9897747611692224 1.0 -0.9894258294234266 0.9858929860859051
-0.9855520657057326 1.0 1.0 -0.9996926833513335 -0.9894258294234266 1.0 -0.9997418935625946
0.9818771436110287 -0.9997418935625946 -0.9997418935625946 0.999304606584321 0.9858929860859051 -0.9997418935625946 1.0