1.0 -0.978100697434066 -0.978100697434066 0.9773504292560431 0.995374332056855 -0.978100697434066 0.9739901349523479
-0.978100697434066 1.0 1.0 -0.9997708935453534 -0.9838162909146322 1.0 -0.9997762471852227
-0.978100697434066 1.0 1.0 -0.9997708935453534 -0.9838162909146322 1.0 -0.9997762471852227
0.9773504292560431 -0.9997708935453534 -0.9997708935453534 1.0 0.9848277728403046 -0.9997708935453534 0.9993871000101525
0.995374332056855 -0.9838162909146322 -0.9838162909146322 0.9848277728403046 1.0 -0.9838162909146322 0.9798307520775987
-0.978100697434066 1.0 1.0 -0.9997708935453534 -0.9838162909146322 1.0 -0.9997762471852227
0.9739901349523479 -0.9997762471852227 -0.9997762471852227 0.9993871000101525 0.9798307520775987 -0.9997762471852227 1.0