1.0 -0.9898111024589865 -0.9898193076626143 0.9889607072351767 0.9983033320284181 -0.9897820664952565 0.9860225615243211
-0.9898111024589865 1.0 0.9999902726798652 -0.9997198136033081 -0.9919231206419007 0.99998943864639 -0.9996212049886168
-0.9898193076626143 0.9999902726798652 1.0 -0.9996994299248705 -0.9919606007520376 0.9999594400081746 -0.9995791979549754
0.9889607072351767 -0.9997198136033081 -0.9996994299248705 1.0 0.9923207917684946 -0.9997203618559204 0.9991816392210469
0.9983033320284181 -0.9919231206419007 -0.9919606007520376 0.9923207917684946 1.0 -0.9918635368375699 0.9881279988291541
-0.9897820664952565 0.99998943864639 0.9999594400081746 -0.9997203618559204 -0.9918635368375699 1.0 -0.9996442865784589
0.9860225615243211 -0.9996212049886168 -0.9995791979549754 0.9991816392210469 0.9881279988291541 -0.9996442865784589 1.0