1.0 -0.9543774387560733 -0.9541686034064368 0.954405586356211 0.9935975979685768 -0.9541686034064368 0.9475001116791891
-0.9543774387560733 1.0 0.999992231779786 -0.9995603355264522 -0.9674184821977732 0.999992231779786 -0.9997124298870503
-0.9541686034064368 0.999992231779786 1.0 -0.9996320644169852 -0.9674512484218123 1.0 -0.9997103694907445
0.954405586356211 -0.9995603355264522 -0.9996320644169852 1.0 0.9699468015714018 -0.9996320644169852 0.9990034033785448
0.9935975979685768 -0.9674184821977732 -0.9674512484218123 0.9699468015714018 1.0 -0.9674512484218123 0.9611416517614082
-0.9541686034064368 0.999992231779786 1.0 -0.9996320644169852 -0.9674512484218123 1.0 -0.9997103694907445
0.9475001116791891 -0.9997124298870503 -0.9997103694907445 0.9990034033785448 0.9611416517614082 -0.9997103694907445 1.0