1.0 -0.9705772248890048 -0.9705052197178521 0.9696032644509406 0.9948606719950318 -0.9706518960203667 0.9671288291198463
-0.9705772248890048 1.0 0.9999994908099984 -0.9997806562183367 -0.9804053556117519 0.999999436651571 -0.9998685177291438
-0.9705052197178521 0.9999994908099984 1.0 -0.9997812991689311 -0.9803574972896153 0.9999978562919657 -0.9998706607756972
0.9696032644509406 -0.9997806562183367 -0.9997812991689311 1.0 0.9811611264832272 -0.9997788812463961 0.9995234146908962
0.9948606719950318 -0.9804053556117519 -0.9803574972896153 0.9811611264832272 1.0 -0.9804546173840367 0.9771340054152843
-0.9706518960203667 0.999999436651571 0.9999978562919657 -0.9997788812463961 -0.9804546173840367 1.0 -0.9998651648036327
0.9671288291198463 -0.9998685177291438 -0.9998706607756972 0.9995234146908962 0.9771340054152843 -0.9998651648036327 1.0