1.0 -0.9925225317126106 -0.9925225317126106 0.9920368020882138 0.9980670263005984 -0.9925225317126106 0.9904842055430539
-0.9925225317126106 1.0 1.0 -0.9998056378629517 -0.9944386584535564 1.0 -0.9998339373835516
-0.9925225317126106 1.0 1.0 -0.9998056378629517 -0.9944386584535564 1.0 -0.9998339373835516
0.9920368020882138 -0.9998056378629517 -0.9998056378629517 1.0 0.9949802000766972 -0.9998056378629517 0.999487589005692
0.9980670263005984 -0.9944386584535564 -0.9944386584535564 0.9949802000766972 1.0 -0.9944386584535564 0.9923813562163384
-0.9925225317126106 1.0 1.0 -0.9998056378629517 -0.9944386584535564 1.0 -0.9998339373835516
0.9904842055430539 -0.9998339373835516 -0.9998339373835516 0.999487589005692 0.9923813562163384 -0.9998339373835516 1.0