1.0 -0.9343808466167322 -0.9344160128679606 0.9327847452665501 0.9948482163823927 -0.9342866585705363 0.9178746699683697
-0.9343808466167322 1.0 0.9999953781231398 -0.9995270938336123 -0.9490419863516099 0.9999943033991018 -0.9989599438877727
-0.9344160128679606 0.9999953781231398 1.0 -0.9995225375202249 -0.949097448750392 0.9999866093308346 -0.9989443229926008
0.9327847452665501 -0.9995270938336123 -0.9995225375202249 1.0 0.94995429086101 -0.999550775087756 0.9982701175382184
0.9948482163823927 -0.9490419863516099 -0.949097448750392 0.94995429086101 1.0 -0.9489904713192836 0.9337826892957528
-0.9342866585705363 0.9999943033991018 0.9999866093308346 -0.999550775087756 -0.9489904713192836 1.0 -0.9989723979514522
0.9178746699683697 -0.9989599438877727 -0.9989443229926008 0.9982701175382184 0.9337826892957528 -0.9989723979514522 1.0