1.0 -0.9859553724444482 -0.9859553724444482 0.9848168177555285 0.9966516440116697 -0.9859553724444482 0.9826547957606722
-0.9859553724444482 1.0 1.0 -0.9997452326282337 -0.9863767369689833 1.0 -0.999768582948885
-0.9859553724444482 1.0 1.0 -0.9997452326282337 -0.9863767369689833 1.0 -0.999768582948885
0.9848168177555285 -0.9997452326282337 -0.9997452326282337 1.0 0.9869535006114137 -0.9997452326282337 0.9993718987640219
0.9966516440116697 -0.9863767369689833 -0.9863767369689833 0.9869535006114137 1.0 -0.9863767369689833 0.9826383411934302
-0.9859553724444482 1.0 1.0 -0.9997452326282337 -0.9863767369689833 1.0 -0.999768582948885
0.9826547957606722 -0.999768582948885 -0.999768582948885 0.9993718987640219 0.9826383411934302 -0.999768582948885 1.0