1.0 -0.9601138664694937 -0.960322647765779 0.9601512785268257 0.9930866400981353 -0.960322647765779 0.9561955709973713
-0.9601138664694937 1.0 0.9999907825723181 -0.9997372893094014 -0.9734100278997945 0.9999907825723181 -0.9998686947791915
-0.960322647765779 0.9999907825723181 1.0 -0.9997717925126983 -0.9736022164739991 1.0 -0.9998590012076608
0.9601512785268257 -0.9997372893094014 -0.9997717925126983 1.0 0.9752016421378952 -0.9997717925126983 0.9994434155888146
0.9930866400981353 -0.9734100278997945 -0.9736022164739991 0.9752016421378952 1.0 -0.9736022164739991 0.9697173822657859
-0.960322647765779 0.9999907825723181 1.0 -0.9997717925126983 -0.9736022164739991 1.0 -0.9998590012076608
0.9561955709973713 -0.9998686947791915 -0.9998590012076608 0.9994434155888146 0.9697173822657859 -0.9998590012076608 1.0