1.0 -0.9938540640615307 -0.9938540640615307 0.9930838621333878 0.9974979669209563 -0.9938540640615307 0.9922664774892083
-0.9938540640615307 1.0 1.0 -0.9997333597687997 -0.9939134614718039 1.0 -0.9998509360961788
-0.9938540640615307 1.0 1.0 -0.9997333597687997 -0.9939134614718039 1.0 -0.9998509360961788
0.9930838621333878 -0.9997333597687997 -0.9997333597687997 1.0 0.9946631152198011 -0.9997333597687997 0.9993898420372296
0.9974979669209563 -0.9939134614718039 -0.9939134614718039 0.9946631152198011 1.0 -0.9939134614718039 0.9918967629502021
-0.9938540640615307 1.0 1.0 -0.9997333597687997 -0.9939134614718039 1.0 -0.9998509360961788
0.9922664774892083 -0.9998509360961788 -0.9998509360961788 0.9993898420372296 0.9918967629502021 -0.9998509360961788 1.0