1.0 -0.9904829128883669 -0.9904871886941164 0.9899996392035455 0.9983621405100115 -0.9904736933783038 0.9875570035481867
-0.9904829128883669 1.0 0.9999977863215816 -0.9997736564706862 -0.9931638574247595 0.9999975550857856 -0.9997643739062306
-0.9904871886941164 0.9999977863215816 1.0 -0.999759668226322 -0.9931634980379345 0.9999906885679616 -0.9997576034653651
0.9899996392035455 -0.9997736564706862 -0.999759668226322 1.0 0.9936970954400267 -0.9997835869018932 0.9993979049359277
0.9983621405100115 -0.9931638574247595 -0.9931634980379345 0.9936970954400267 1.0 -0.9931594963941491 0.9904156661874223
-0.9904736933783038 0.9999975550857856 0.9999906885679616 -0.9997835869018932 -0.9931594963941491 1.0 -0.9997667189627032
0.9875570035481867 -0.9997643739062306 -0.9997576034653651 0.9993979049359277 0.9904156661874223 -0.9997667189627032 1.0