1.0 -0.9850755155961461 -0.9850755155961461 0.9837303179200684 0.9964211487319885 -0.9850755155961461 0.981469522800752
-0.9850755155961461 1.0 1.0 -0.9996894765506008 -0.9886702295057609 1.0 -0.9997218600622085
-0.9850755155961461 1.0 1.0 -0.9996894765506008 -0.9886702295057609 1.0 -0.9997218600622085
0.9837303179200684 -0.9996894765506008 -0.9996894765506008 1.0 0.9892128946783182 -0.9996894765506008 0.9992074902139222
0.9964211487319885 -0.9886702295057609 -0.9886702295057609 0.9892128946783182 1.0 -0.9886702295057609 0.9849153347709895
-0.9850755155961461 1.0 1.0 -0.9996894765506008 -0.9886702295057609 1.0 -0.9997218600622085
0.981469522800752 -0.9997218600622085 -0.9997218600622085 0.9992074902139222 0.9849153347709895 -0.9997218600622085 1.0