1.0 -0.9863158189868927 -0.9862721269464295 0.9863504557563468 0.9965352286754814 -0.9863416816772694 0.9825076628130531
-0.9863158189868927 1.0 0.9999906098742234 -0.999637316496309 -0.9872828159289834 0.9999897498484067 -0.999698824091615
-0.9862721269464295 0.9999906098742234 1.0 -0.9995965466196972 -0.9872309452673491 0.9999607384766744 -0.999676195482891
0.9863504557563468 -0.999637316496309 -0.9995965466196972 1.0 0.9892561360325988 -0.9996598588959204 0.9990210411217174
0.9965352286754814 -0.9872828159289834 -0.9872309452673491 0.9892561360325988 1.0 -0.9873172041688432 0.9831716359424074
-0.9863416816772694 0.9999897498484067 0.9999607384766744 -0.9996598588959204 -0.9873172041688432 1.0 -0.9997024114272637
0.9825076628130531 -0.999698824091615 -0.999676195482891 0.9990210411217174 0.9831716359424074 -0.9997024114272637 1.0