1.0 -0.9922983223759287 -0.9922983223759287 0.9917734732116477 0.9985314188651236 -0.9922983223759287 0.9894990955030009
-0.9922983223759287 1.0 1.0 -0.999645467685197 -0.9922737545311325 1.0 -0.9997062899764174
-0.9922983223759287 1.0 1.0 -0.999645467685197 -0.9922737545311325 1.0 -0.9997062899764174
0.9917734732116477 -0.999645467685197 -0.999645467685197 1.0 0.9930903211251709 -0.999645467685197 0.9990297624136761
0.9985314188651236 -0.9922737545311325 -0.9922737545311325 0.9930903211251709 1.0 -0.9922737545311325 0.989025304138081
-0.9922983223759287 1.0 1.0 -0.999645467685197 -0.9922737545311325 1.0 -0.9997062899764174
0.9894990955030009 -0.9997062899764174 -0.9997062899764174 0.9990297624136761 0.989025304138081 -0.9997062899764174 1.0