1.0 -0.9932243945865488 -0.9932243945865488 0.9920499810864383 0.9993639286910498 -0.9932243945865488 0.9906060997047164
-0.9932243945865488 1.0 1.0 -0.9998049305752159 -0.9950704196114243 1.0 -0.9997612950758283
-0.9932243945865488 1.0 1.0 -0.9998049305752159 -0.9950704196114243 1.0 -0.9997612950758283
0.9920499810864383 -0.9998049305752159 -0.9998049305752159 1.0 0.9944458488872575 -0.9998049305752159 0.9996090188128645
0.9993639286910498 -0.9950704196114243 -0.9950704196114243 0.9944458488872575 1.0 -0.9950704196114243 0.9927022015819443
-0.9932243945865488 1.0 1.0 -0.9998049305752159 -0.9950704196114243 1.0 -0.9997612950758283
0.9906060997047164 -0.9997612950758283 -0.9997612950758283 0.9996090188128645 0.9927022015819443 -0.9997612950758283 1.0