1.0 -0.9909979893669368 -0.9909979893669368 0.990293495158609 0.9990135980304226 -0.9909979893669368 0.9886335880255516
-0.9909979893669368 1.0 1.0 -0.9998283768795113 -0.9919036289035847 1.0 -0.9998321186430724
-0.9909979893669368 1.0 1.0 -0.9998283768795113 -0.9919036289035847 1.0 -0.9998321186430724
0.990293495158609 -0.9998283768795113 -0.9998283768795113 1.0 0.9918503328929822 -0.9998283768795113 0.9995830735147573
0.9990135980304226 -0.9919036289035847 -0.9919036289035847 0.9918503328929822 1.0 -0.9919036289035847 0.9894733453141704
-0.9909979893669368 1.0 1.0 -0.9998283768795113 -0.9919036289035847 1.0 -0.9998321186430724
0.9886335880255516 -0.9998321186430724 -0.9998321186430724 0.9995830735147573 0.9894733453141704 -0.9998321186430724 1.0