1.0 -0.88966178985794 -0.8891536256944874 0.8860568983819569 0.9943967331303666 -0.8891536256944874 0.8669942532798572
-0.88966178985794 1.0 0.9999946805923349 -0.9996919430818704 -0.916905628295774 0.9999946805923349 -0.9988106491958348
-0.8891536256944874 0.9999946805923349 1.0 -0.9997166875152547 -0.9164707541706553 1.0 -0.9988646855251311
0.8860568983819569 -0.9996919430818704 -0.9997166875152547 1.0 0.915374777423309 -0.9997166875152547 0.9986125145456696
0.9943967331303666 -0.916905628295774 -0.9164707541706553 0.915374777423309 1.0 -0.9164707541706553 0.8964368378244547
-0.8891536256944874 0.9999946805923349 1.0 -0.9997166875152547 -0.9164707541706553 1.0 -0.9988646855251311
0.8669942532798572 -0.9988106491958348 -0.9988646855251311 0.9986125145456696 0.8964368378244547 -0.9988646855251311 1.0