1.0 -0.992245580040225 -0.992245580040225 0.9910920519817649 0.9981227292568522 -0.992245580040225 0.9897396137917788
-0.992245580040225 1.0 1.0 -0.9997535370815993 -0.9920801775454946 1.0 -0.99976358759606
-0.992245580040225 1.0 1.0 -0.9997535370815993 -0.9920801775454946 1.0 -0.99976358759606
0.9910920519817649 -0.9997535370815993 -0.9997535370815993 1.0 0.9921840774497952 -0.9997535370815993 0.9994086514485471
0.9981227292568522 -0.9920801775454946 -0.9920801775454946 0.9921840774497952 1.0 -0.9920801775454946 0.9891455780598359
-0.992245580040225 1.0 1.0 -0.9997535370815993 -0.9920801775454946 1.0 -0.99976358759606
0.9897396137917788 -0.99976358759606 -0.99976358759606 0.9994086514485471 0.9891455780598359 -0.99976358759606 1.0