1.0 -0.9788248052901838 -0.9788897629373161 0.9779543694186755 0.9964883570176402 -0.9787365259780656 0.9738231174452646
-0.9788248052901838 1.0 0.9999902062000288 -0.999710147238748 -0.9812323743064522 0.9999893239248411 -0.9996533501140082
-0.9788897629373161 0.9999902062000288 1.0 -0.9997135832273202 -0.9814137010896501 0.9999590794813318 -0.9995959788013836
0.9779543694186755 -0.999710147238748 -0.9997135832273202 1.0 0.9821736399183298 -0.999685664381241 0.9991751072209208
0.9964883570176402 -0.9812323743064522 -0.9814137010896501 0.9821736399183298 1.0 -0.9810225470133614 0.9759280012256917
-0.9787365259780656 0.9999893239248411 0.9999590794813318 -0.999685664381241 -0.9810225470133614 1.0 -0.9996923555932951
0.9738231174452646 -0.9996533501140082 -0.9995959788013836 0.9991751072209208 0.9759280012256917 -0.9996923555932951 1.0