1.0 -0.9915525852266978 -0.9915525852266978 0.9906999426451238 0.9976416243502078 -0.9915525852266978 0.9894161542685249
-0.9915525852266978 1.0 1.0 -0.9997225519740918 -0.9932877547516379 1.0 -0.9998210065634604
-0.9915525852266978 1.0 1.0 -0.9997225519740918 -0.9932877547516379 1.0 -0.9998210065634604
0.9906999426451238 -0.9997225519740918 -0.9997225519740918 1.0 0.9938869864931096 -0.9997225519740918 0.9993519946142948
0.9976416243502078 -0.9932877547516379 -0.9932877547516379 0.9938869864931096 1.0 -0.9932877547516379 0.9909492035707851
-0.9915525852266978 1.0 1.0 -0.9997225519740918 -0.9932877547516379 1.0 -0.9998210065634604
0.9894161542685249 -0.9998210065634604 -0.9998210065634604 0.9993519946142948 0.9909492035707851 -0.9998210065634604 1.0