1.0 -0.9697827696510799 -0.9697827696510799 0.968193453270326 0.9951310019205671 -0.9697827696510799 0.964181526452004
-0.9697827696510799 1.0 1.0 -0.9997129890448979 -0.9806825562017374 1.0 -0.9997087604725688
-0.9697827696510799 1.0 1.0 -0.9997129890448979 -0.9806825562017374 1.0 -0.9997087604725688
0.968193453270326 -0.9997129890448979 -0.9997129890448979 1.0 0.9810340075537444 -0.9997129890448979 0.99930424596373
0.9951310019205671 -0.9806825562017374 -0.9806825562017374 0.9810340075537444 1.0 -0.9806825562017374 0.9757000810299395
-0.9697827696510799 1.0 1.0 -0.9997129890448979 -0.9806825562017374 1.0 -0.9997087604725688
0.964181526452004 -0.9997087604725688 -0.9997087604725688 0.99930424596373 0.9757000810299395 -0.9997087604725688 1.0