1.0 -0.9666511465407986 -0.9666633779027964 0.9660243707976498 0.993862462260486 -0.9666633779027964 0.9619206324780842
-0.9666511465407986 1.0 0.9999954261631057 -0.9995964758864274 -0.977679155870087 0.9999954261631057 -0.9998073459454092
-0.9666633779027964 0.9999954261631057 1.0 -0.9996426488016923 -0.9778033330848519 1.0 -0.9997974340062692
0.9660243707976498 -0.9995964758864274 -0.9996426488016923 1.0 0.9793189013271748 -0.9996426488016923 0.9992114757831604
0.993862462260486 -0.977679155870087 -0.9778033330848519 0.9793189013271748 1.0 -0.9778033330848519 0.9734500656517436
-0.9666633779027964 0.9999954261631057 1.0 -0.9996426488016923 -0.9778033330848519 1.0 -0.9997974340062692
0.9619206324780842 -0.9998073459454092 -0.9997974340062692 0.9992114757831604 0.9734500656517436 -0.9997974340062692 1.0