1.0 -0.974974351374501 -0.9748058356537666 0.9761739963589825 0.9978868458588765 -0.975130410747679 0.9707554433106227
-0.974974351374501 1.0 0.9999903984592738 -0.9997043294116513 -0.9784676356040676 0.9999895198049519 -0.999809987044809
-0.9748058356537666 0.9999903984592738 1.0 -0.9996383804750881 -0.978254295334317 0.9999598559612871 -0.9998014934854226
0.9761739963589825 -0.9997043294116513 -0.9996383804750881 1.0 0.980672960822671 -0.9997527244593428 0.9992961045217148
0.9978868458588765 -0.9784676356040676 -0.978254295334317 0.980672960822671 1.0 -0.9786704539605063 0.9743883003015303
-0.975130410747679 0.9999895198049519 0.9999598559612871 -0.9997527244593428 -0.9786704539605063 1.0 -0.9997983531790494
0.9707554433106227 -0.999809987044809 -0.9998014934854226 0.9992961045217148 0.9743883003015303 -0.9997983531790494 1.0