1.0 -0.8987005864052489 -0.8976181288471563 0.8963592237430563 0.9992563302379784 -0.8975412121723428 0.6111138797145875
-0.8987005864052489 1.0 0.9999475527740352 -0.9992512474250492 -0.894872674959044 0.9999380162849099 -0.8957569418258675
-0.8976181288471563 0.9999475527740352 1.0 -0.9994083306820333 -0.893875710927517 0.9999943521363571 -0.8967892547835999
0.8963592237430563 -0.9992512474250492 -0.9994083306820333 1.0 0.8930971464167982 -0.9994254737264145 0.8956702683953199
0.9992563302379784 -0.894872674959044 -0.893875710927517 0.8930971464167982 1.0 -0.8937921331680899 0.6037909380648736
-0.8975412121723428 0.9999380162849099 0.9999943521363571 -0.9994254737264145 -0.8937921331680899 1.0 -0.8968673314450437
0.6111138797145875 -0.8957569418258675 -0.8967892547835999 0.8956702683953199 0.6037909380648736 -0.8968673314450437 1.0