1.0 -0.9016456471710739 -0.9003696383352916 0.8979682717363746 0.9993605078420048 -0.9003696383352916 0.5963697979794019
-0.9016456471710739 1.0 0.9999466590441273 -0.9993905024938536 -0.8985994415321961 0.9999466590441273 -0.8843387427533315
-0.9003696383352916 0.9999466590441273 1.0 -0.9995119917753397 -0.8973961029383943 1.0 -0.8856627760895253
0.8979682717363746 -0.9993905024938536 -0.9995119917753397 1.0 0.8953764317082756 -0.9995119917753397 0.8861892613063536
0.9993605078420048 -0.8985994415321961 -0.8973961029383943 0.8953764317082756 1.0 -0.8973961029383943 0.5904113767760397
-0.9003696383352916 0.9999466590441273 1.0 -0.9995119917753397 -0.8973961029383943 1.0 -0.8856627760895253
0.5963697979794019 -0.8843387427533315 -0.8856627760895253 0.8861892613063536 0.5904113767760397 -0.8856627760895253 1.0