1.0 -0.8977677758264254 -0.8968500448432469 0.897612964528621 0.999141577473779 -0.8967107432704601 0.6309102051688524
-0.8977677758264254 1.0 0.9999488184885713 -0.9991499256645834 -0.8927286412550688 0.999928892279598 -0.9075928695323703
-0.8968500448432469 0.9999488184885713 1.0 -0.9993512753285348 -0.8919130625569396 0.9999883950332835 -0.908381331501115
0.897612964528621 -0.9991499256645834 -0.9993512753285348 1.0 0.8932186851553917 -0.9993827098936404 0.9052156192613258
0.999141577473779 -0.8927286412550688 -0.8919130625569396 0.8932186851553917 1.0 -0.8917586771724674 0.6216176622259529
-0.8967107432704601 0.999928892279598 0.9999883950332835 -0.9993827098936404 -0.8917586771724674 1.0 -0.9085167153075333
0.6309102051688524 -0.9075928695323703 -0.908381331501115 0.9052156192613258 0.6216176622259529 -0.9085167153075333 1.0