1.0 0.996115519139906 0.9946460402295038 -0.9994520820858429 0.9999990006249081 0.9999084039977787 -0.9999504108491295
0.996115519139906 1.0 0.9998362635917678 -0.9980737595329723 0.9960910274832845 0.9971409018489956 -0.9968910716949652
0.9946460402295038 0.9998362635917678 1.0 -0.9969841344210538 0.9946186897874809 0.995833812816175 -0.9955413860728574
-0.9994520820858429 -0.9980737595329723 -0.9969841344210538 1.0 -0.9994258001892049 -0.9997822169358791 0.9997084982290936
0.9999990006249081 0.9960910274832845 0.9946186897874809 -0.9994258001892049 1.0 0.9999019003815006 -0.9999457928816189
0.9999084039977787 0.9971409018489956 0.995833812816175 -0.9997822169358791 0.9999019003815006 1.0 -0.999993488902233
-0.9999504108491295 -0.9968910716949652 -0.9955413860728574 0.9997084982290936 -0.9999457928816189 -0.999993488902233 1.0