1.0 0.998613646457172 0.9983446261828152 -0.9997543045378986 0.9999991555184339 0.9999319133858154 -0.9999621193169234
0.998613646457172 1.0 0.9999601338580002 -0.99916210613538 0.9986517522903213 0.9991159778394935 -0.999002875024836
0.9983446261828152 0.9999601338580002 1.0 -0.9990344152969429 0.9983816723130453 0.9989085423323936 -0.9987788653991261
-0.9997543045378986 -0.99916210613538 -0.9990344152969429 1.0 -0.9997560421217138 -0.9999052607871168 0.9998767987813374
0.9999991555184339 0.9986517522903213 0.9983816723130453 -0.9997560421217138 1.0 0.9999382539889345 -0.9999669009192125
0.9999319133858154 0.9991159778394935 0.9989085423323936 -0.9999052607871168 0.9999382539889345 1.0 -0.9999955451195867
-0.9999621193169234 -0.999002875024836 -0.9987788653991261 0.9998767987813374 -0.9999669009192125 -0.9999955451195867 1.0