1.0 0.9578023170071215 0.9556325955930474 -0.9985831837802844 0.9999980171100968 0.999731370528259 -0.9998656537483033
0.9578023170071215 1.0 0.9994552650067268 -0.9702844804758657 0.9574019882710564 0.9639070464518178 -0.9621639160450448
0.9556325955930474 0.9994552650067268 1.0 -0.9687874031071816 0.9551888812965149 0.9617448812635304 -0.9599909924050986
-0.9985831837802844 -0.9702844804758657 -0.9687874031071816 1.0 -0.9984956006649593 -0.9994207142628131 0.9992226717429948
0.9999980171100968 0.9574019882710564 0.9551888812965149 -0.9984956006649593 1.0 0.9997046347087705 -0.9998466783869807
0.999731370528259 0.9639070464518178 0.9617448812635304 -0.9994207142628131 0.9997046347087705 1.0 -0.9999768539686673
-0.9998656537483033 -0.9621639160450448 -0.9599909924050986 0.9992226717429948 -0.9998466783869807 -0.9999768539686673 1.0