1.0 0.9971744035813985 0.9963656267108254 -0.9998568901618398 0.9999986201758279 0.9999411168212411 -0.9999668052724724
0.9971744035813985 1.0 0.999909796945356 -0.9980730169919821 0.9972805831601739 0.9979111564808837 -0.9977402634609557
0.9963656267108254 0.999909796945356 1.0 -0.9973706259040255 0.9964872104174309 0.9972132507327189 -0.9970143753306283
-0.9998568901618398 -0.9980730169919821 -0.9973706259040255 1.0 -0.9998692764034398 -0.9999577808740464 0.9999422158058777
0.9999986201758279 0.9972805831601739 0.9964872104174309 -0.9998692764034398 1.0 0.9999534786425244 -0.9999758231055726
0.9999411168212411 0.9979111564808837 0.9972132507327189 -0.9999577808740464 0.9999534786425244 1.0 -0.9999962965164145
-0.9999668052724724 -0.9977402634609557 -0.9970143753306283 0.9999422158058777 -0.9999758231055726 -0.9999962965164145 1.0