1.0 0.9941848256039538 0.9910615721976409 -0.9993068182842719 0.9999979252150543 0.9998680920329879 -0.9999292386982003
0.9941848256039538 1.0 0.9995066184665169 -0.9970377219071836 0.9940964474019026 0.9956971426497236 -0.9953089642367144
0.9910615721976409 0.9995066184665169 1.0 -0.9949690283673568 0.9909422713704819 0.9929528218350246 -0.9924562328114096
-0.9993068182842719 -0.9970377219071836 -0.9949690283673568 1.0 -0.999262561413419 -0.9996918423178409 0.9996062152503409
0.9999979252150543 0.9940964474019026 0.9909422713704819 -0.999262561413419 1.0 0.9998615860773858 -0.999924721190781
0.9998680920329879 0.9956971426497236 0.9929528218350246 -0.9996918423178409 0.9998615860773858 1.0 -0.9999904222298357
-0.9999292386982003 -0.9953089642367144 -0.9924562328114096 0.9996062152503409 -0.999924721190781 -0.9999904222298357 1.0