1.0 0.9952129104433923 0.9965485543783297 -0.9998861436460429 0.9999970038721816 0.9999175707660046 -0.9999510057476046
0.9952129104433923 1.0 0.9998280714967009 -0.9959119561034993 0.9953971464059997 0.9963298938698673 -0.996087133199406
0.9965485543783297 0.9998280714967009 1.0 -0.9971894283223447 0.9967123007514445 0.9974927765442454 -0.997290248231745
-0.9998861436460429 -0.9959119561034993 -0.9971894283223447 1.0 -0.9998965589070057 -0.9999229128485729 0.999927102589555
0.9999970038721816 0.9953971464059997 0.9967123007514445 -0.9998965589070057 1.0 0.9999416725809901 -0.9999691165455694
0.9999175707660046 0.9963298938698673 0.9974927765442454 -0.9999229128485729 0.9999416725809901 1.0 -0.9999956407777632
-0.9999510057476046 -0.996087133199406 -0.997290248231745 0.999927102589555 -0.9999691165455694 -0.9999956407777632 1.0