1.0 0.9785475732731134 0.9664408697181129 -0.99924352263392 0.9999981285394998 0.9998164209878054 -0.9999008545102207
0.9785475732731134 1.0 0.9984287528187186 -0.9854405797373441 0.9786963859763297 0.9821655820127072 -0.9812337938372188
0.9664408697181129 0.9984287528187186 1.0 -0.9753748685401099 0.9666070848952127 0.9709468193843747 -0.9697748251939011
-0.99924352263392 -0.9854405797373441 -0.9753748685401099 1.0 -0.999267886208653 -0.9997526619309727 0.9996514777118922
0.9999981285394998 0.9786963859763297 0.9666070848952127 -0.999267886208653 1.0 0.9998363143834659 -0.9999152657654162
0.9998164209878054 0.9821655820127072 0.9709468193843747 -0.9997526619309727 0.9998363143834659 1.0 -0.9999870721486814
-0.9999008545102207 -0.9812337938372188 -0.9697748251939011 0.9996514777118922 -0.9999152657654162 -0.9999870721486814 1.0