1.0 0.9980593344510565 0.996806337288935 -0.9993104417148047 0.9999989394451296 0.9998930776362971 -0.9999411139608353
0.9980593344510565 1.0 0.9998333542613137 -0.9994465381121431 0.998036179681141 0.9988415162583636 -0.9986592342986707
0.996806337288935 0.9998333542613137 1.0 -0.9988172144404501 0.9967742718161329 0.9978407902379987 -0.9975923829136346
-0.9993104417148047 -0.9994465381121431 -0.9988172144404501 1.0 -0.9992961951900543 -0.999703720138672 0.9996179482385237
0.9999989394451296 0.998036179681141 0.9967742718161329 -0.9992961951900543 1.0 0.9998889546390549 -0.999938046986004
0.9998930776362971 0.9988415162583636 0.9978407902379987 -0.999703720138672 0.9998889546390549 1.0 -0.9999927998270765
-0.9999411139608353 -0.9986592342986707 -0.9975923829136346 0.9996179482385237 -0.999938046986004 -0.9999927998270765 1.0