1.0 0.9991938775040217 0.9981502858498541 -0.9996932537899972 0.9999989221920766 0.9999318566730255 -0.9999631652971336
0.9991938775040217 1.0 0.9997708212257475 -0.9997364388109351 0.9991873203734284 0.9995866218089736 -0.9994964205209026
0.9981502858498541 0.9997708212257475 1.0 -0.999104289543232 0.9981412299611242 0.9987755573020599 -0.9986245065751402
-0.9996932537899972 -0.9997364388109351 -0.999104289543232 1.0 -0.9996751936970115 -0.9998800756938432 0.9998403876751403
0.9999989221920766 0.9991873203734284 0.9981412299611242 -0.9996751936970115 1.0 0.9999283155160136 -0.9999605644543093
0.9999318566730255 0.9995866218089736 0.9987755573020599 -0.9998800756938432 0.9999283155160136 1.0 -0.999995155578873
-0.9999631652971336 -0.9994964205209026 -0.9986245065751402 0.9998403876751403 -0.9999605644543093 -0.999995155578873 1.0