1.0 0.9569970726836747 0.9513524363423568 -0.9977863633705779 0.9999976932467023 0.9979168080422924 -0.999765766999889
0.9569970726836747 1.0 0.9994613526553673 -0.9723315728990313 0.9570423628274582 0.9724318752815688 -0.9624202467354548
0.9513524363423568 0.9994613526553673 1.0 -0.9680182937125511 0.9513695646732029 0.9678581134199211 -0.9571198363778576
-0.9977863633705779 -0.9723315728990313 -0.9680182937125511 1.0 -0.9977838102543766 -0.9987902438570921 0.9988775176308441
0.9999976932467023 0.9570423628274582 0.9513695646732029 -0.9977838102543766 1.0 0.9979180152811037 -0.9997779051171425
0.9979168080422924 0.9724318752815688 0.9678581134199211 -0.9987902438570921 0.9979180152811037 1.0 -0.9987398542880762
-0.999765766999889 -0.9624202467354548 -0.9571198363778576 0.9988775176308441 -0.9997779051171425 -0.9987398542880762 1.0