1.0 0.999635471749317 0.9994487486955477 -0.9997289089504456 0.9999966103104933 0.9999716027724629 -0.9999844508080902
0.999635471749317 1.0 0.9999327350568938 -0.9998805064423867 0.9996197828113091 0.9998105504282253 -0.9997699962239274
0.9994487486955477 0.9999327350568938 1.0 -0.9998379683520601 0.9994152962845784 0.9996571582010193 -0.9996048061453523
-0.9997289089504456 -0.9998805064423867 -0.9998379683520601 1.0 -0.9996981589222552 -0.9998445587979787 0.9998149689175607
0.9999966103104933 0.9996197828113091 0.9994152962845784 -0.9996981589222552 1.0 0.9999647797264357 -0.9999795159009284
0.9999716027724629 0.9998105504282253 0.9996571582010193 -0.9998445587979787 0.9999647797264357 1.0 -0.9999979427299234
-0.9999844508080902 -0.9997699962239274 -0.9996048061453523 0.9998149689175607 -0.9999795159009284 -0.9999979427299234 1.0