1.0 0.995657142283982 0.99309323867883 -0.9995805928788516 0.999997575998787 0.9998370007676576 -0.9999062267032991
0.995657142283982 1.0 0.9996638093349591 -0.9975402669219351 0.9957960709339142 0.9970706730366217 -0.9967600150484434
0.99309323867883 0.9996638093349591 1.0 -0.9955985333719155 0.9932703099976561 0.994917751604412 -0.9945074046729429
-0.9995805928788516 -0.9975402669219351 -0.9955985333719155 1.0 -0.9996049804129642 -0.99990577759583 0.9998543148694027
0.999997575998787 0.9957960709339142 0.9932703099976561 -0.9996049804129642 1.0 0.9998611824129593 -0.9999243826321783
0.9998370007676576 0.9970706730366217 0.994917751604412 -0.99990577759583 0.9998611824129593 1.0 -0.9999904298806872
-0.9999062267032991 -0.9967600150484434 -0.9945074046729429 0.9998543148694027 -0.9999243826321783 -0.9999904298806872 1.0