1.0 0.9910339151824236 0.9950448068606572 -0.9997567252187743 0.9999981754849162 0.9998098310769388 -0.9998937180208225
0.9910339151824236 1.0 0.9991558505297011 -0.9914666115613596 0.9911516220204096 0.993315536055203 -0.9927818575735458
0.9950448068606572 0.9991558505297011 1.0 -0.9956771022113281 0.9951114500621157 0.9967613839899417 -0.9963644846436286
-0.9997567252187743 -0.9914666115613596 -0.9956771022113281 1.0 -0.9997318598315252 -0.9997676598858793 0.9997950881102492
0.9999981754849162 0.9911516220204096 0.9951114500621157 -0.9997318598315252 1.0 0.9998199638105001 -0.9999014001758455
0.9998098310769388 0.993315536055203 0.9967613839899417 -0.9997676598858793 0.9998199638105001 1.0 -0.9999877955345498
-0.9998937180208225 -0.9927818575735458 -0.9963644846436286 0.9997950881102492 -0.9999014001758455 -0.9999877955345498 1.0