1.0 0.9984957562204675 0.9972685107860666 -0.9997386274429344 0.9999987127688864 0.9999124617235714 -0.9999500762422826
0.9984957562204675 1.0 0.9997648062375702 -0.9993100857397025 0.9985313463864871 0.9991062328273373 -0.9989720338975678
0.9972685107860666 0.9997648062375702 1.0 -0.9984629903032372 0.9973095399902699 0.998091100510863 -0.9979028835885732
-0.9997386274429344 -0.9993100857397025 -0.9984629903032372 1.0 -0.9997412454772305 -0.999910414161652 0.9998808690437098
0.9999987127688864 0.9985313463864871 0.9973095399902699 -0.9997412454772305 1.0 0.9999221067957276 -0.9999573922339055
0.9999124617235714 0.9991062328273373 0.998091100510863 -0.999910414161652 0.9999221067957276 1.0 -0.9999946516223733
-0.9999500762422826 -0.9989720338975678 -0.9979028835885732 0.9998808690437098 -0.9999573922339055 -0.9999946516223733 1.0