1.0 0.9978026757245658 0.9974305421305458 -0.9991757007114211 0.9999987077563365 0.9998803049456757 -0.9999364231179436
0.9978026757245658 1.0 0.9998905291013725 -0.9992331781906192 0.9977726665541322 0.9986793921404892 -0.9984684727544556
0.9974305421305458 0.9998905291013725 1.0 -0.9992800445975706 0.9973823037097412 0.998414467144104 -0.9981715308812553
-0.9991757007114211 -0.9992331781906192 -0.9992800445975706 1.0 -0.9991335032147448 -0.9996387643699031 0.9995321715908835
0.9999987077563365 0.9977726665541322 0.9973823037097412 -0.9991335032147448 1.0 0.9998681244178862 -0.9999275211936093
0.9998803049456757 0.9986793921404892 0.998414467144104 -0.9996387643699031 0.9998681244178862 1.0 -0.9999911176086103
-0.9999364231179436 -0.9984684727544556 -0.9981715308812553 0.9995321715908835 -0.9999275211936093 -0.9999911176086103 1.0