1.0 0.9974854086224935 0.9976133569649406 -0.999658616970959 0.9999987650317815 0.9999013878689115 -0.9999456667552918
0.9974854086224935 1.0 0.9998757727337133 -0.9987143182019985 0.997501836190546 0.9983625785683296 -0.9981541754604941
0.9976133569649406 0.9998757727337133 1.0 -0.9988798319563237 0.9976092869641352 0.9984386590330651 -0.9982405881404944
-0.999658616970959 -0.9987143182019985 -0.9988798319563237 1.0 -0.9996481532716462 -0.9998756551634808 0.9998342689822001
0.9999987650317815 0.997501836190546 0.9976092869641352 -0.9996481532716462 1.0 0.9999041859461115 -0.999947861919926
0.9999013878689115 0.9983625785683296 0.9984386590330651 -0.9998756551634808 0.9999041859461115 1.0 -0.9999933690843112
-0.9999456667552918 -0.9981541754604941 -0.9982405881404944 0.9998342689822001 -0.999947861919926 -0.9999933690843112 1.0