1.0 0.9872553729219322 0.987274325793052 -0.9988217805741652 0.9999947770045168 0.9992661599649729 -0.9998870271490092
0.9872553729219322 1.0 0.999459674299336 -0.9897231364017899 0.9873477144937582 0.9919380013960271 -0.9891643612608886
0.987274325793052 0.999459674299336 1.0 -0.9904927267672482 0.9873269163678952 0.9917701223924 -0.9892359758015198
-0.9988217805741652 -0.9897231364017899 -0.9904927267672482 1.0 -0.9987596809428191 -0.9987968469606704 0.9992110471638651
0.9999947770045168 0.9873477144937582 0.9873269163678952 -0.9987596809428191 1.0 0.999283514608297 -0.9998939552365405
0.9992661599649729 0.9919380013960271 0.9917701223924 -0.9987968469606704 0.999283514608297 1.0 -0.9995788417763215
-0.9998870271490092 -0.9891643612608886 -0.9892359758015198 0.9992110471638651 -0.9998939552365405 -0.9995788417763215 1.0