1.0 0.9960846401722008 0.995756221430045 -0.9992322544334941 0.9999977662172952 0.9998466887222345 -0.9999210022783134
0.9960846401722008 1.0 0.999694580375036 -0.9985451780866021 0.995921169647841 0.9974200516059869 -0.9970781731352087
0.995756221430045 0.999694580375036 1.0 -0.9985143557951335 0.9955898132323988 0.9971457167764682 -0.9967848473162454
-0.9992322544334941 -0.9985451780866021 -0.9985143557951335 1.0 -0.9991564707318866 -0.9997437736727582 0.9996286993175114
0.9999977662172952 0.995921169647841 0.9955898132323988 -0.9991564707318866 1.0 0.999812450429029 -0.9998959229115711
0.9998466887222345 0.9974200516059869 0.9971457167764682 -0.9997437736727582 0.999812450429029 1.0 -0.9999877394086643
-0.9999210022783134 -0.9970781731352087 -0.9967848473162454 0.9996286993175114 -0.9998959229115711 -0.9999877394086643 1.0