1.0 0.999024895766111 0.9977815130197781 -0.9994935885067259 0.9999973408683129 0.9999349379271721 -0.9999662367957121
0.999024895766111 1.0 0.9997445892603083 -0.9998178993282306 0.9989550570180932 0.9994480232501985 -0.9993409746950805
0.9977815130197781 0.9997445892603083 1.0 -0.9992280624387717 0.9976778707781335 0.9984504428618834 -0.998273726433951
-0.9994935885067259 -0.9998178993282306 -0.9992280624387717 1.0 -0.9994287668833484 -0.9997521892064608 0.9996871460948056
0.9999973408683129 0.9989550570180932 0.9976778707781335 -0.9994287668833484 1.0 0.9999162619721024 -0.9999527125417038
0.9999349379271721 0.9994480232501985 0.9984504428618834 -0.9997521892064608 0.9999162619721024 1.0 -0.9999947957548383
-0.9999662367957121 -0.9993409746950805 -0.998273726433951 0.9996871460948056 -0.9999527125417038 -0.9999947957548383 1.0