1.0 0.9991029581264095 0.9992737698273155 -0.9997668896450683 0.9999991256440658 0.9999551700936721 -0.9999749584284945
0.9991029581264095 1.0 0.9999443120559403 -0.9995485708313187 0.9991175126471562 0.9994274569348915 -0.9993555325398362
0.9992737698273155 0.9999443120559403 1.0 -0.9996997137069694 0.9992877969817482 0.9995647995280583 -0.9995003462016726
-0.9997668896450683 -0.9995485708313187 -0.9996997137069694 1.0 -0.9997674030434065 -0.9999021429804886 0.9998734444640116
0.9999991256440658 0.9991175126471562 0.9992877969817482 -0.9997674030434065 1.0 0.99995742281855 -0.9999766643806293
0.9999551700936721 0.9994274569348915 0.9995647995280583 -0.9999021429804886 0.99995742281855 1.0 -0.9999970705558912
-0.9999749584284945 -0.9993555325398362 -0.9995003462016726 0.9998734444640116 -0.9999766643806293 -0.9999970705558912 1.0