1.0 0.9981922240168776 0.9976806907965781 -0.999808996658346 0.9999981051374234 0.9999331623466451 -0.9999619219710126
0.9981922240168776 1.0 0.9999310031075876 -0.9989476021657497 0.9982662564257146 0.9987822095818011 -0.9986486104573634
0.9976806907965781 0.9999310031075876 1.0 -0.9984762986611339 0.9977560739551785 0.9983164777884244 -0.9981709519398068
-0.999808996658346 -0.9989476021657497 -0.9984762986611339 1.0 -0.999825488404183 -0.9999464096992349 0.9999235090886973
0.9999981051374234 0.9982662564257146 0.9977560739551785 -0.999825488404183 1.0 0.9999482376169835 -0.9999730995610547
0.9999331623466451 0.9987822095818011 0.9983164777884244 -0.9999464096992349 0.9999482376169835 1.0 -0.9999959458172323
-0.9999619219710126 -0.9986486104573634 -0.9981709519398068 0.9999235090886973 -0.9999730995610547 -0.9999959458172323 1.0