1.0 0.9859317939621585 0.9848901724029384 -0.9990763460325149 0.9999988273078096 0.9998313246478611 -0.9999070213597538
0.9859317939621585 1.0 0.9996861548320041 -0.9911179343240822 0.9858906165518292 0.9886580768453994 -0.9879901054805212
0.9848901724029384 0.9996861548320041 1.0 -0.9905994107307055 0.9848474735441737 0.987807244885581 -0.9870897171120959
-0.9990763460325149 -0.9911179343240822 -0.9905994107307055 1.0 -0.9990464009636155 -0.9996558516664139 0.9995349732157314
0.9999988273078096 0.9858906165518292 0.9848474735441737 -0.9990464009636155 1.0 0.9998241802806708 -0.9999018251176773
0.9998313246478611 0.9886580768453994 0.987807244885581 -0.9996558516664139 0.9998241802806708 1.0 -0.9999887425422911
-0.9999070213597538 -0.9879901054805212 -0.9870897171120959 0.9995349732157314 -0.9999018251176773 -0.9999887425422911 1.0