1.0 0.9981637946551817 0.9961594967445008 -0.999703178083957 0.9999993696339834 0.9999453891038268 -0.9999697879573763
0.9981637946551817 1.0 0.9995784282810042 -0.9991689241244696 0.9981775950814001 0.9987119543242032 -0.9985785837234762
0.9961594967445008 0.9995784282810042 1.0 -0.9977770350225136 0.99618001566171 0.9969543604302 -0.9967540754575572
-0.999703178083957 -0.9991689241244696 -0.9977770350225136 1.0 -0.9997054340984429 -0.9998705358578348 0.9998345487072127
0.9999993696339834 0.9981775950814001 0.99618001566171 -0.9997054340984429 1.0 0.9999486219146487 -0.999972200702651
0.9999453891038268 0.9987119543242032 0.9969543604302 -0.9998705358578348 0.9999486219146487 1.0 -0.9999963524052018
-0.9999697879573763 -0.9985785837234762 -0.9967540754575572 0.9998345487072127 -0.999972200702651 -0.9999963524052018 1.0