1.0 0.9996778019975785 0.99963666116929 -0.9997330470541819 0.9999967986041279 0.9999724676016517 -0.999983845459443
0.9996778019975785 1.0 0.9999450473531415 -0.9996231567362739 0.9996966815218821 0.9998377708806485 -0.9998042845863249
0.99963666116929 0.9999450473531415 1.0 -0.999538100499837 0.999660722945432 0.9997911517835736 -0.999759800469513
-0.9997330470541819 -0.9996231567362739 -0.999538100499837 1.0 -0.9996886097144805 -0.9997666609350649 0.9997504651414486
0.9999967986041279 0.9996966815218821 0.999660722945432 -0.9996886097144805 1.0 0.9999757769639052 -0.999987017742093
0.9999724676016517 0.9998377708806485 0.9997911517835736 -0.9997666609350649 0.9999757769639052 1.0 -0.999998230405737
-0.999983845459443 -0.9998042845863249 -0.999759800469513 0.9997504651414486 -0.999987017742093 -0.999998230405737 1.0