1.0 0.9943932869621507 0.9927738757120235 -0.9991718995032725 0.999997698190401 0.9998368769161803 -0.9999102754188824
0.9943932869621507 1.0 0.9997085131070839 -0.9969915546894222 0.9944711518916828 0.996036953549772 -0.9956498982242659
0.9927738757120235 0.9997085131070839 1.0 -0.9962249733398584 0.9928424423216774 0.9947276436942102 -0.9942558383725385
-0.9991718995032725 -0.9969915546894222 -0.9962249733398584 1.0 -0.9991611554889611 -0.9996823719431744 0.9995756173160787
0.999997698190401 0.9944711518916828 0.9928424423216774 -0.9991611554889611 1.0 0.9998442209304947 -0.9999158393578259
0.9998368769161803 0.996036953549772 0.9947276436942102 -0.9996823719431744 0.9998442209304947 1.0 -0.9999889959972585
-0.9999102754188824 -0.9956498982242659 -0.9942558383725385 0.9995756173160787 -0.9999158393578259 -0.9999889959972585 1.0