1.0 0.9996955113556568 0.9998869178138174 -0.9999339939474451 0.9999983080993858 0.9999631825413757 -0.9999769905050528
0.9996955113556568 1.0 0.9999081812548595 -0.9996662283963734 0.9997188194772104 0.9998683162929501 -0.9998383115835039
0.9998869178138174 0.9999081812548595 1.0 -0.9998471798880947 0.9999016508821318 0.9999638175536695 -0.9999540770111083
-0.9999339939474451 -0.9996662283963734 -0.9998471798880947 1.0 -0.9999228141115049 -0.9999118131626229 0.999921236226317
0.9999983080993858 0.9997188194772104 0.9999016508821318 -0.9999228141115049 1.0 0.9999698474790054 -0.9999822391826126
0.9999631825413757 0.9998683162929501 0.9999638175536695 -0.9999118131626229 0.9999698474790054 1.0 -0.9999983280510587
-0.9999769905050528 -0.9998383115835039 -0.9999540770111083 0.999921236226317 -0.9999822391826126 -0.9999983280510587 1.0