1.0 0.9978288634592584 0.9960793723109957 -0.9998396869295806 0.9999964373721664 0.9999329778269704 -0.9999631141848917
0.9978288634592584 1.0 0.9997030324156362 -0.9985122723614909 0.9977229967574495 0.9984605928159195 -0.9983040198369074
0.9960793723109957 0.9997030324156362 1.0 -0.9970482186023142 0.995926252953525 0.9969017728910547 -0.9966909841508714
-0.9998396869295806 -0.9985122723614909 -0.9970482186023142 1.0 -0.9997965815525667 -0.9999207561401077 0.9999071369328577
0.9999964373721664 0.9977229967574495 0.995926252953525 -0.9997965815525667 1.0 0.9999174110743634 -0.9999517813726236
0.9999329778269704 0.9984605928159195 0.9969017728910547 -0.9999207561401077 0.9999174110743634 1.0 -0.9999953719232175
-0.9999631141848917 -0.9983040198369074 -0.9966909841508714 0.9999071369328577 -0.9999517813726236 -0.9999953719232175 1.0