1.0 -0.6446645722231957 -0.6459448853250062 0.6502368225078224 0.9996064821883667 -0.6354657523886419 0.253115912546424
-0.6446645722231957 1.0 0.9999668652032214 -0.9988194045867677 -0.638959160005664 0.9993809775277377 -0.901803176211657
-0.6459448853250062 0.9999668652032214 1.0 -0.9988890993865166 -0.6402545553911135 0.999297590566198 -0.9009966332552706
0.6502368225078224 -0.9988194045867677 -0.9988890993865166 1.0 0.6451036727402897 -0.998621755382002 0.8975109450899379
0.9996064821883667 -0.638959160005664 -0.6402545553911135 0.6451036727402897 1.0 -0.6296685539464967 0.24571791758062422
-0.6354657523886419 0.9993809775277377 0.999297590566198 -0.998621755382002 -0.6296685539464967 1.0 -0.9077283630412963
0.253115912546424 -0.901803176211657 -0.9009966332552706 0.8975109450899379 0.24571791758062422 -0.9077283630412963 1.0