1.0 -0.571026781705813 -0.5729898119099547 0.5897834729811483 0.9997150354907482 -0.5577882675263534 0.13570053706322607
-0.571026781705813 1.0 0.999953088304275 -0.9987506265738361 -0.5599244590180255 0.9990910470043156 -0.8898120527403575
-0.5729898119099547 0.999953088304275 1.0 -0.9986684891386115 -0.5619121936265672 0.9987646706152888 -0.8883758146921765
0.5897834729811483 -0.9987506265738361 -0.9986684891386115 1.0 0.5789597153732885 -0.9983194612069204 0.8787412311403108
0.9997150354907482 -0.5599244590180255 -0.5619121936265672 0.5789597153732885 1.0 -0.5465864664829223 0.12232235271325395
-0.5577882675263534 0.9990910470043156 0.9987646706152888 -0.9983194612069204 -0.5465864664829223 1.0 -0.8979515097392999
0.13570053706322607 -0.8898120527403575 -0.8883758146921765 0.8787412311403108 0.12232235271325395 -0.8979515097392999 1.0