1.0 -0.9959242065133406 -0.9959242065133406 0.9961888272927705 0.9998749867744189 -0.9959242065133406 0.9825561250851452
-0.9959242065133406 1.0 1.0 -0.9998350080635607 -0.9955955292476194 1.0 -0.9952076324311805
-0.9959242065133406 1.0 1.0 -0.9998350080635607 -0.9955955292476194 1.0 -0.9952076324311805
0.9961888272927705 -0.9998350080635607 -0.9998350080635607 1.0 0.9960952808851959 -0.9998350080635607 0.9942157489361505
0.9998749867744189 -0.9955955292476194 -0.9955955292476194 0.9960952808851959 1.0 -0.9955955292476194 0.9817093470342849
-0.9959242065133406 1.0 1.0 -0.9998350080635607 -0.9955955292476194 1.0 -0.9952076324311805
0.9825561250851452 -0.9952076324311805 -0.9952076324311805 0.9942157489361505 0.9817093470342849 -0.9952076324311805 1.0