1.0 -0.994418675978087 -0.994418675978087 0.9943205066149784 0.9998064758420678 -0.994418675978087 0.9773510062564571
-0.994418675978087 1.0 1.0 -0.999841416726774 -0.9939392902531637 1.0 -0.9941030310489148
-0.994418675978087 1.0 1.0 -0.999841416726774 -0.9939392902531637 1.0 -0.9941030310489148
0.9943205066149784 -0.999841416726774 -0.999841416726774 1.0 0.9941243403655733 -0.999841416726774 0.9935092590314409
0.9998064758420678 -0.9939392902531637 -0.9939392902531637 0.9941243403655733 1.0 -0.9939392902531637 0.9762052815248153
-0.994418675978087 1.0 1.0 -0.999841416726774 -0.9939392902531637 1.0 -0.9941030310489148
0.9773510062564571 -0.9941030310489148 -0.9941030310489148 0.9935092590314409 0.9762052815248153 -0.9941030310489148 1.0