1.0 -0.9937910209794445 -0.9937910209794445 0.993613894622394 0.999878599619798 -0.9937910209794445 0.9751436210527136
-0.9937910209794445 1.0 1.0 -0.9998955372654112 -0.9936365868006133 1.0 -0.993648254890824
-0.9937910209794445 1.0 1.0 -0.9998955372654112 -0.9936365868006133 1.0 -0.993648254890824
0.993613894622394 -0.9998955372654112 -0.9998955372654112 1.0 0.9936438956914222 -0.9998955372654112 0.9933501972311024
0.999878599619798 -0.9936365868006133 -0.9936365868006133 0.9936438956914222 1.0 -0.9936365868006133 0.9746996322983204
-0.9937910209794445 1.0 1.0 -0.9998955372654112 -0.9936365868006133 1.0 -0.993648254890824
0.9751436210527136 -0.993648254890824 -0.993648254890824 0.9933501972311024 0.9746996322983204 -0.993648254890824 1.0