1.0 -0.9917806160013541 -0.9917806160013541 0.9914818548295151 0.9998784729478395 -0.9917806160013541 0.9709794165982302
-0.9917806160013541 1.0 1.0 -0.9999120544239347 -0.99198432259066 1.0 -0.993521877898796
-0.9917806160013541 1.0 1.0 -0.9999120544239347 -0.99198432259066 1.0 -0.993521877898796
0.9914818548295151 -0.9999120544239347 -0.9999120544239347 1.0 0.9918399936492529 -0.9999120544239347 0.9934132701610057
0.9998784729478395 -0.99198432259066 -0.99198432259066 0.9918399936492529 1.0 -0.99198432259066 0.9712365724564226
-0.9917806160013541 1.0 1.0 -0.9999120544239347 -0.99198432259066 1.0 -0.993521877898796
0.9709794165982302 -0.993521877898796 -0.993521877898796 0.9934132701610057 0.9712365724564226 -0.993521877898796 1.0