1.0 -0.9956344434776995 -0.9956344434776995 0.9954877181601132 0.9998667914224937 -0.9956344434776995 0.9830047657389279
-0.9956344434776995 1.0 1.0 -0.9998826145665396 -0.9952670612380287 1.0 -0.9957703104014227
-0.9956344434776995 1.0 1.0 -0.9998826145665396 -0.9952670612380287 1.0 -0.9957703104014227
0.9954877181601132 -0.9998826145665396 -0.9998826145665396 1.0 0.9953097750573714 -0.9998826145665396 0.9954252034262225
0.9998667914224937 -0.9952670612380287 -0.9952670612380287 0.9953097750573714 1.0 -0.9952670612380287 0.9821696634383579
-0.9956344434776995 1.0 1.0 -0.9998826145665396 -0.9952670612380287 1.0 -0.9957703104014227
0.9830047657389279 -0.9957703104014227 -0.9957703104014227 0.9954252034262225 0.9821696634383579 -0.9957703104014227 1.0