1.0 -0.9937880441085596 -0.9937880441085596 0.9936229418841418 0.9998681255733604 -0.9937880441085596 0.975220305131966
-0.9937880441085596 1.0 1.0 -0.9998993782515185 -0.9937704281629537 1.0 -0.9936764432690611
-0.9937880441085596 1.0 1.0 -0.9998993782515185 -0.9937704281629537 1.0 -0.9936764432690611
0.9936229418841418 -0.9998993782515185 -0.9998993782515185 1.0 0.993789242557343 -0.9998993782515185 0.993361430314972
0.9998681255733604 -0.9937704281629537 -0.9937704281629537 0.993789242557343 1.0 -0.9937704281629537 0.9750116968304398
-0.9937880441085596 1.0 1.0 -0.9998993782515185 -0.9937704281629537 1.0 -0.9936764432690611
0.975220305131966 -0.9936764432690611 -0.9936764432690611 0.993361430314972 0.9750116968304398 -0.9936764432690611 1.0