1.0 -0.9955872609440697 -0.9955872609440697 0.9962745085264718 0.9997957219330916 -0.9955872609440697 0.9806996735449819
-0.9955872609440697 1.0 1.0 -0.9998055003345987 -0.9944972015442223 1.0 -0.9946065079495233
-0.9955872609440697 1.0 1.0 -0.9998055003345987 -0.9944972015442223 1.0 -0.9946065079495233
0.9962745085264718 -0.9998055003345987 -0.9998055003345987 1.0 0.9955569270275975 -0.9998055003345987 0.9930982619490293
0.9997957219330916 -0.9944972015442223 -0.9944972015442223 0.9955569270275975 1.0 -0.9944972015442223 0.9783063535579868
-0.9955872609440697 1.0 1.0 -0.9998055003345987 -0.9944972015442223 1.0 -0.9946065079495233
0.9806996735449819 -0.9946065079495233 -0.9946065079495233 0.9930982619490293 0.9783063535579868 -0.9946065079495233 1.0