1.0 -0.9953284432147302 -0.9953284432147302 0.9953028612081195 0.9999346544710142 -0.9953284432147302 0.9800745198606567
-0.9953284432147302 1.0 1.0 -0.9999003202777836 -0.9950024812958967 1.0 -0.9946113252230248
-0.9953284432147302 1.0 1.0 -0.9999003202777836 -0.9950024812958967 1.0 -0.9946113252230248
0.9953028612081195 -0.9999003202777836 -0.9999003202777836 1.0 0.9951000261080568 -0.9999003202777836 0.9942180737033055
0.9999346544710142 -0.9950024812958967 -0.9950024812958967 0.9951000261080568 1.0 -0.9950024812958967 0.9793268260052668
-0.9953284432147302 1.0 1.0 -0.9999003202777836 -0.9950024812958967 1.0 -0.9946113252230248
0.9800745198606567 -0.9946113252230248 -0.9946113252230248 0.9942180737033055 0.9793268260052668 -0.9946113252230248 1.0