1.0 -0.9953488332553156 -0.9953488332553156 0.9951624999035387 0.9998671182721223 -0.9953488332553156 0.981941454059582
-0.9953488332553156 1.0 1.0 -0.9998872653026151 -0.9952250460544982 1.0 -0.9954832208169628
-0.9953488332553156 1.0 1.0 -0.9998872653026151 -0.9952250460544982 1.0 -0.9954832208169628
0.9951624999035387 -0.9998872653026151 -0.9998872653026151 1.0 0.9952485671641484 -0.9998872653026151 0.9951330455360589
0.9998671182721223 -0.9952250460544982 -0.9952250460544982 0.9952485671641484 1.0 -0.9952250460544982 0.9815060340927327
-0.9953488332553156 1.0 1.0 -0.9998872653026151 -0.9952250460544982 1.0 -0.9954832208169628
0.981941454059582 -0.9954832208169628 -0.9954832208169628 0.9951330455360589 0.9815060340927327 -0.9954832208169628 1.0