1.0 -0.9943197141273655 -0.9943197141273655 0.9948131438797395 0.999800995257471 -0.9943197141273655 0.9757961844712956
-0.9943197141273655 1.0 1.0 -0.9998765403168174 -0.9932135824965838 1.0 -0.9934322502474118
-0.9943197141273655 1.0 1.0 -0.9998765403168174 -0.9932135824965838 1.0 -0.9934322502474118
0.9948131438797395 -0.9998765403168174 -0.9998765403168174 1.0 0.9939695489845493 -0.9998765403168174 0.9923822632221112
0.999800995257471 -0.9932135824965838 -0.9932135824965838 0.9939695489845493 1.0 -0.9932135824965838 0.9734177392329554
-0.9943197141273655 1.0 1.0 -0.9998765403168174 -0.9932135824965838 1.0 -0.9934322502474118
0.9757961844712956 -0.9934322502474118 -0.9934322502474118 0.9923822632221112 0.9734177392329554 -0.9934322502474118 1.0