1.0 -0.9956018456375891 -0.9956018456375891 0.9954948038821503 0.9998722460074874 -0.9956018456375891 0.9828352389139905
-0.9956018456375891 1.0 1.0 -0.99990853597883 -0.995514440091589 1.0 -0.9957051295133313
-0.9956018456375891 1.0 1.0 -0.99990853597883 -0.995514440091589 1.0 -0.9957051295133313
0.9954948038821503 -0.99990853597883 -0.99990853597883 1.0 0.9955768153562231 -0.99990853597883 0.9953864786269938
0.9998722460074874 -0.995514440091589 -0.995514440091589 0.9955768153562231 1.0 -0.995514440091589 0.9825158805688928
-0.9956018456375891 1.0 1.0 -0.99990853597883 -0.995514440091589 1.0 -0.9957051295133313
0.9828352389139905 -0.9957051295133313 -0.9957051295133313 0.9953864786269938 0.9825158805688928 -0.9957051295133313 1.0