1.0 -0.9947893143100852 -0.9947893143100852 0.9951426098804977 0.9997606832480596 -0.9947893143100852 0.9784136656559888
-0.9947893143100852 1.0 1.0 -0.9998807425137357 -0.9940863978732027 1.0 -0.9942693209645495
-0.9947893143100852 1.0 1.0 -0.9998807425137357 -0.9940863978732027 1.0 -0.9942693209645495
0.9951426098804977 -0.9998807425137357 -0.9998807425137357 1.0 0.9947280204226435 -0.9998807425137357 0.9933594917014366
0.9997606832480596 -0.9940863978732027 -0.9940863978732027 0.9947280204226435 1.0 -0.9940863978732027 0.9768153056493147
-0.9947893143100852 1.0 1.0 -0.9998807425137357 -0.9940863978732027 1.0 -0.9942693209645495
0.9784136656559888 -0.9942693209645495 -0.9942693209645495 0.9933594917014366 0.9768153056493147 -0.9942693209645495 1.0