1.0 -0.9940597222513318 -0.9940597222513318 0.9937595691884732 0.9998573945069535 -0.9940597222513318 0.976646601305823
-0.9940597222513318 1.0 1.0 -0.9998685109879829 -0.9940356007180438 1.0 -0.9941009640665989
-0.9940597222513318 1.0 1.0 -0.9998685109879829 -0.9940356007180438 1.0 -0.9941009640665989
0.9937595691884732 -0.9998685109879829 -0.9998685109879829 1.0 0.9939635727292115 -0.9998685109879829 0.9937950058004675
0.9998573945069535 -0.9940356007180438 -0.9940356007180438 0.9939635727292115 1.0 -0.9940356007180438 0.9763872452958607
-0.9940597222513318 1.0 1.0 -0.9998685109879829 -0.9940356007180438 1.0 -0.9941009640665989
0.976646601305823 -0.9941009640665989 -0.9941009640665989 0.9937950058004675 0.9763872452958607 -0.9941009640665989 1.0