1.0 -0.9958278787667074 -0.9958278787667074 0.9955904130995819 0.9998673463971586 -0.9958278787667074 0.9831982396773026
-0.9958278787667074 1.0 1.0 -0.9998984482211485 -0.9957888836511348 1.0 -0.9956562266981641
-0.9958278787667074 1.0 1.0 -0.9998984482211485 -0.9957888836511348 1.0 -0.9956562266981641
0.9955904130995819 -0.9998984482211485 -0.9998984482211485 1.0 0.9956998146042697 -0.9998984482211485 0.9954292891812848
0.9998673463971586 -0.9957888836511348 -0.9957888836511348 0.9956998146042697 1.0 -0.9957888836511348 0.982989296057101
-0.9958278787667074 1.0 1.0 -0.9998984482211485 -0.9957888836511348 1.0 -0.9956562266981641
0.9831982396773026 -0.9956562266981641 -0.9956562266981641 0.9954292891812848 0.982989296057101 -0.9956562266981641 1.0