1.0 -0.9969500598212695 -0.9969500598212695 0.996059398719253 0.9997589476917246 -0.9969500598212695 0.9886805002011283
-0.9969500598212695 1.0 1.0 -0.9997601738046377 -0.9972997901202455 1.0 -0.9971715294529923
-0.9969500598212695 1.0 1.0 -0.9997601738046377 -0.9972997901202455 1.0 -0.9971715294529923
0.996059398719253 -0.9997601738046377 -0.9997601738046377 1.0 0.996841231191942 -0.9997601738046377 0.9969729327730689
0.9997589476917246 -0.9972997901202455 -0.9972997901202455 0.996841231191942 1.0 -0.9972997901202455 0.9890029272994382
-0.9969500598212695 1.0 1.0 -0.9997601738046377 -0.9972997901202455 1.0 -0.9971715294529923
0.9886805002011283 -0.9971715294529923 -0.9971715294529923 0.9969729327730689 0.9890029272994382 -0.9971715294529923 1.0