1.0 -0.993446925470522 -0.993446925470522 0.9934120593588133 0.999830199575798 -0.993446925470522 0.9734486527188183
-0.993446925470522 1.0 1.0 -0.9998578890767259 -0.9931217784618795 1.0 -0.9931116814301849
-0.993446925470522 1.0 1.0 -0.9998578890767259 -0.9931217784618795 1.0 -0.9931116814301849
0.9934120593588133 -0.9998578890767259 -0.9998578890767259 1.0 0.9933440395592723 -0.9998578890767259 0.9925133133766936
0.999830199575798 -0.9931217784618795 -0.9931217784618795 0.9933440395592723 1.0 -0.9931217784618795 0.9726120662222096
-0.993446925470522 1.0 1.0 -0.9998578890767259 -0.9931217784618795 1.0 -0.9931116814301849
0.9734486527188183 -0.9931116814301849 -0.9931116814301849 0.9925133133766936 0.9726120662222096 -0.9931116814301849 1.0