1.0 -0.9943395445650637 -0.9943395445650637 0.9946720903814253 0.9998451926610517 -0.9943395445650637 0.975427732098042
-0.9943395445650637 1.0 1.0 -0.999861449809293 -0.9934905624383291 1.0 -0.9932134076720739
-0.9943395445650637 1.0 1.0 -0.999861449809293 -0.9934905624383291 1.0 -0.9932134076720739
0.9946720903814253 -0.999861449809293 -0.999861449809293 1.0 0.99403807628227 -0.999861449809293 0.992260784916838
0.9998451926610517 -0.9934905624383291 -0.9934905624383291 0.99403807628227 1.0 -0.9934905624383291 0.9735666094469856
-0.9943395445650637 1.0 1.0 -0.999861449809293 -0.9934905624383291 1.0 -0.9932134076720739
0.975427732098042 -0.9932134076720739 -0.9932134076720739 0.992260784916838 0.9735666094469856 -0.9932134076720739 1.0