1.0 -0.9928453973776984 -0.9928453973776984 0.9927070078382813 0.999869592235897 -0.9928453973776984 0.9718822941190842
-0.9928453973776984 1.0 1.0 -0.9998645338991626 -0.9928906238391214 1.0 -0.9929271967058197
-0.9928453973776984 1.0 1.0 -0.9998645338991626 -0.9928906238391214 1.0 -0.9929271967058197
0.9927070078382813 -0.9998645338991626 -0.9998645338991626 1.0 0.9929536297156933 -0.9998645338991626 0.9924676255246684
0.999869592235897 -0.9928906238391214 -0.9928906238391214 0.9929536297156933 1.0 -0.9928906238391214 0.9717901920767862
-0.9928453973776984 1.0 1.0 -0.9998645338991626 -0.9928906238391214 1.0 -0.9929271967058197
0.9718822941190842 -0.9929271967058197 -0.9929271967058197 0.9924676255246684 0.9717901920767862 -0.9929271967058197 1.0