1.0 -0.9936714510182307 -0.9936714510182307 0.9936764642425067 0.9998799623800254 -0.9936714510182307 0.9713876612027128
-0.9936714510182307 1.0 1.0 -0.9998684771140115 -0.9933813434713477 1.0 -0.9918284840022128
-0.9936714510182307 1.0 1.0 -0.9998684771140115 -0.9933813434713477 1.0 -0.9918284840022128
0.9936764642425067 -0.9998684771140115 -0.9998684771140115 1.0 0.9936135517458446 -0.9998684771140115 0.9912439961687954
0.9998799623800254 -0.9933813434713477 -0.9933813434713477 0.9936135517458446 1.0 -0.9933813434713477 0.9706379170886421
-0.9936714510182307 1.0 1.0 -0.9998684771140115 -0.9933813434713477 1.0 -0.9918284840022128
0.9713876612027128 -0.9918284840022128 -0.9918284840022128 0.9912439961687954 0.9706379170886421 -0.9918284840022128 1.0