1.0 -0.9924898038519482 -0.9924898038519482 0.9922224092664209 0.9998766000479677 -0.9924898038519482 0.9704511867668967
-0.9924898038519482 1.0 1.0 -0.9998900712309123 -0.9920878965409473 1.0 -0.9926073714743233
-0.9924898038519482 1.0 1.0 -0.9998900712309123 -0.9920878965409473 1.0 -0.9926073714743233
0.9922224092664209 -0.9998900712309123 -0.9998900712309123 1.0 0.9920230794805592 -0.9998900712309123 0.9924139616946903
0.9998766000479677 -0.9920878965409473 -0.9920878965409473 0.9920230794805592 1.0 -0.9920878965409473 0.9695373763454737
-0.9924898038519482 1.0 1.0 -0.9998900712309123 -0.9920878965409473 1.0 -0.9926073714743233
0.9704511867668967 -0.9926073714743233 -0.9926073714743233 0.9924139616946903 0.9695373763454737 -0.9926073714743233 1.0