1.0 -0.991589766496128 -0.991589766496128 0.9909733619050147 0.9998216424003898 -0.991589766496128 0.9686218266085912
-0.991589766496128 1.0 1.0 -0.999832125599084 -0.9916980971667494 1.0 -0.9925377459080282
-0.991589766496128 1.0 1.0 -0.999832125599084 -0.9916980971667494 1.0 -0.9925377459080282
0.9909733619050147 -0.999832125599084 -0.999832125599084 1.0 0.9913863613996318 -0.999832125599084 0.9924420073501821
0.9998216424003898 -0.9916980971667494 -0.9916980971667494 0.9913863613996318 1.0 -0.9916980971667494 0.9686643124124296
-0.991589766496128 1.0 1.0 -0.999832125599084 -0.9916980971667494 1.0 -0.9925377459080282
0.9686218266085912 -0.9925377459080282 -0.9925377459080282 0.9924420073501821 0.9686643124124296 -0.9925377459080282 1.0