1.0 -0.9917230901346495 -0.9917230901346495 0.9921301826788181 0.9998412129683104 -0.9917230901346495 0.9624778851005219
-0.9917230901346495 1.0 1.0 -0.99989478819746 -0.9915757656181604 1.0 -0.9892475249685649
-0.9917230901346495 1.0 1.0 -0.99989478819746 -0.9915757656181604 1.0 -0.9892475249685649
0.9921301826788181 -0.99989478819746 -0.99989478819746 1.0 0.9921837900766489 -0.99989478819746 0.9882867206991872
0.9998412129683104 -0.9915757656181604 -0.9915757656181604 0.9921837900766489 1.0 -0.9915757656181604 0.9620016736180298
-0.9917230901346495 1.0 1.0 -0.99989478819746 -0.9915757656181604 1.0 -0.9892475249685649
0.9624778851005219 -0.9892475249685649 -0.9892475249685649 0.9882867206991872 0.9620016736180298 -0.9892475249685649 1.0