1.0 -0.9964116243034126 -0.9964116243034126 0.9963773288901119 0.99987411203352 -0.9964116243034126 0.9839866515823036
-0.9964116243034126 1.0 1.0 -0.9998712462954901 -0.9962515887749301 1.0 -0.9954134270372993
-0.9964116243034126 1.0 1.0 -0.9998712462954901 -0.9962515887749301 1.0 -0.9954134270372993
0.9963773288901119 -0.9998712462954901 -0.9998712462954901 1.0 0.9964301012976312 -0.9998712462954901 0.9948212413371139
0.99987411203352 -0.9962515887749301 -0.9962515887749301 0.9964301012976312 1.0 -0.9962515887749301 0.9834643369892423
-0.9964116243034126 1.0 1.0 -0.9998712462954901 -0.9962515887749301 1.0 -0.9954134270372993
0.9839866515823036 -0.9954134270372993 -0.9954134270372993 0.9948212413371139 0.9834643369892423 -0.9954134270372993 1.0