1.0 -0.9938283690411347 -0.9938283690411347 0.994306173231535 0.9998697624348921 -0.9938283690411347 0.9732895130305256
-0.9938283690411347 1.0 1.0 -0.9999024252942493 -0.9935453793987026 1.0 -0.992669510402752
-0.9938283690411347 1.0 1.0 -0.9999024252942493 -0.9935453793987026 1.0 -0.992669510402752
0.994306173231535 -0.9999024252942493 -0.9999024252942493 1.0 0.9941912916523206 -0.9999024252942493 0.9917302516284278
0.9998697624348921 -0.9935453793987026 -0.9935453793987026 0.9941912916523206 1.0 -0.9935453793987026 0.9725789801583317
-0.9938283690411347 1.0 1.0 -0.9999024252942493 -0.9935453793987026 1.0 -0.992669510402752
0.9732895130305256 -0.992669510402752 -0.992669510402752 0.9917302516284278 0.9725789801583317 -0.992669510402752 1.0