1.0 -0.9945669404299484 -0.9945669404299484 0.9945916361735473 0.9998885344133672 -0.9945669404299484 0.9782077480665728
-0.9945669404299484 1.0 1.0 -0.9999395680210527 -0.9944816743007057 1.0 -0.9944371907061414
-0.9945669404299484 1.0 1.0 -0.9999395680210527 -0.9944816743007057 1.0 -0.9944371907061414
0.9945916361735473 -0.9999395680210527 -0.9999395680210527 1.0 0.9946157184624185 -0.9999395680210527 0.9941317557334634
0.9998885344133672 -0.9944816743007057 -0.9944816743007057 0.9946157184624185 1.0 -0.9944816743007057 0.9779269611107174
-0.9945669404299484 1.0 1.0 -0.9999395680210527 -0.9944816743007057 1.0 -0.9944371907061414
0.9782077480665728 -0.9944371907061414 -0.9944371907061414 0.9941317557334634 0.9779269611107174 -0.9944371907061414 1.0