1.0 -0.9939721385362293 -0.9939721385362293 0.9938619669962039 0.9998216330243966 -0.9939721385362293 0.9761541550655826
-0.9939721385362293 1.0 1.0 -0.9998926644817655 -0.9936488231902785 1.0 -0.9939487502513331
-0.9939721385362293 1.0 1.0 -0.9998926644817655 -0.9936488231902785 1.0 -0.9939487502513331
0.9938619669962039 -0.9998926644817655 -0.9998926644817655 1.0 0.9937680144974849 -0.9998926644817655 0.9935391586846815
0.9998216330243966 -0.9936488231902785 -0.9936488231902785 0.9937680144974849 1.0 -0.9936488231902785 0.9753100590127446
-0.9939721385362293 1.0 1.0 -0.9998926644817655 -0.9936488231902785 1.0 -0.9939487502513331
0.9761541550655826 -0.9939487502513331 -0.9939487502513331 0.9935391586846815 0.9753100590127446 -0.9939487502513331 1.0