1.0 -0.993558867314456 -0.993558867314456 0.9932237399183299 0.9999025054737808 -0.993558867314456 0.9749501491392878
-0.993558867314456 1.0 1.0 -0.9999109555300353 -0.9936681461580453 1.0 -0.9938031974588885
-0.993558867314456 1.0 1.0 -0.9999109555300353 -0.9936681461580453 1.0 -0.9938031974588885
0.9932237399183299 -0.9999109555300353 -0.9999109555300353 1.0 0.9934396996224126 -0.9999109555300353 0.993760646169741
0.9999025054737808 -0.9936681461580453 -0.9936681461580453 0.9934396996224126 1.0 -0.9936681461580453 0.9750662615683717
-0.993558867314456 1.0 1.0 -0.9999109555300353 -0.9936681461580453 1.0 -0.9938031974588885
0.9749501491392878 -0.9938031974588885 -0.9938031974588885 0.993760646169741 0.9750662615683717 -0.9938031974588885 1.0