1.0 -0.9939492845193251 -0.9939492845193251 0.9941407926558997 0.9998401188515765 -0.9939492845193251 0.9746527349578857
-0.9939492845193251 1.0 1.0 -0.9998763998462186 -0.9936696898830405 1.0 -0.9932104555227174
-0.9939492845193251 1.0 1.0 -0.9998763998462186 -0.9936696898830405 1.0 -0.9932104555227174
0.9941407926558997 -0.9998763998462186 -0.9998763998462186 1.0 0.9940903088128911 -0.9998763998462186 0.9924372211336355
0.9998401188515765 -0.9936696898830405 -0.9936696898830405 0.9940903088128911 1.0 -0.9936696898830405 0.973893420828035
-0.9939492845193251 1.0 1.0 -0.9998763998462186 -0.9936696898830405 1.0 -0.9932104555227174
0.9746527349578857 -0.9932104555227174 -0.9932104555227174 0.9924372211336355 0.973893420828035 -0.9932104555227174 1.0