1.0 -0.9957955113160185 -0.9957955113160185 0.9957669013993945 0.9999036142178127 -0.9957955113160185 0.9826647262738025
-0.9957955113160185 1.0 1.0 -0.999901986137331 -0.9956291897142105 1.0 -0.9954263418669058
-0.9957955113160185 1.0 1.0 -0.999901986137331 -0.9956291897142105 1.0 -0.9954263418669058
0.9957669013993945 -0.999901986137331 -0.999901986137331 1.0 0.9957587569827406 -0.999901986137331 0.9950057316619276
0.9999036142178127 -0.9956291897142105 -0.9956291897142105 0.9957587569827406 1.0 -0.9956291897142105 0.9821858912706126
-0.9957955113160185 1.0 1.0 -0.999901986137331 -0.9956291897142105 1.0 -0.9954263418669058
0.9826647262738025 -0.9954263418669058 -0.9954263418669058 0.9950057316619276 0.9821858912706126 -0.9954263418669058 1.0