1.0 -0.9801089173914763 -0.9801089173914763 0.9788815891779122 0.9998036986434454 -0.9801089173914763 0.928142152219151
-0.9801089173914763 1.0 1.0 -0.9999274259971488 -0.9821956748632518 1.0 -0.9834447786290363
-0.9801089173914763 1.0 1.0 -0.9999274259971488 -0.9821956748632518 1.0 -0.9834447786290363
0.9788815891779122 -0.9999274259971488 -0.9999274259971488 1.0 0.9811749249991437 -0.9999274259971488 0.9842436842818646
0.9998036986434454 -0.9821956748632518 -0.9821956748632518 0.9811749249991437 1.0 -0.9821956748632518 0.9319213494710109
-0.9801089173914763 1.0 1.0 -0.9999274259971488 -0.9821956748632518 1.0 -0.9834447786290363
0.928142152219151 -0.9834447786290363 -0.9834447786290363 0.9842436842818646 0.9319213494710109 -0.9834447786290363 1.0