1.0 -0.9780827559652426 -0.9780827559652426 0.9777571121938503 0.9998173597261333 -0.9780827559652426 0.9222843643585881
-0.9780827559652426 1.0 1.0 -0.9999327185729335 -0.9786727434958483 1.0 -0.9824194086100723
-0.9780827559652426 1.0 1.0 -0.9999327185729335 -0.9786727434958483 1.0 -0.9824194086100723
0.9777571121938503 -0.9999327185729335 -0.9999327185729335 1.0 0.9785448298254062 -0.9999327185729335 0.982353970990304
0.9998173597261333 -0.9786727434958483 -0.9786727434958483 0.9785448298254062 1.0 -0.9786727434958483 0.923146438028871
-0.9780827559652426 1.0 1.0 -0.9999327185729335 -0.9786727434958483 1.0 -0.9824194086100723
0.9222843643585881 -0.9824194086100723 -0.9824194086100723 0.982353970990304 0.923146438028871 -0.9824194086100723 1.0