1.0 -0.9773402295240267 -0.9773402295240267 0.9776950683678286 0.999844666026897 -0.9773402295240267 0.9221908561704374
-0.9773402295240267 1.0 1.0 -0.999952119761294 -0.9766253048317161 1.0 -0.983052991709824
-0.9773402295240267 1.0 1.0 -0.999952119761294 -0.9766253048317161 1.0 -0.983052991709824
0.9776950683678286 -0.999952119761294 -0.999952119761294 1.0 0.9771366820192088 -0.999952119761294 0.9824823603071517
0.999844666026897 -0.9766253048317161 -0.9766253048317161 0.9771366820192088 1.0 -0.9766253048317161 0.9206965497964931
-0.9773402295240267 1.0 1.0 -0.999952119761294 -0.9766253048317161 1.0 -0.983052991709824
0.9221908561704374 -0.983052991709824 -0.983052991709824 0.9824823603071517 0.9206965497964931 -0.983052991709824 1.0