1.0 0.999175778474594 0.999175778474594 -0.9994299569546572 0.9998734256148257 0.999175778474594 -0.9993125217711635
0.999175778474594 1.0 1.0 -0.9999721293761449 0.9996730490005974 1.0 -0.999993584969543
0.999175778474594 1.0 1.0 -0.9999721293761449 0.9996730490005974 1.0 -0.999993584969543
-0.9994299569546572 -0.9999721293761449 -0.9999721293761449 1.0 -0.99982559465345 -0.9999721293761449 0.9999905914655078
0.9998734256148257 0.9996730490005974 0.9996730490005974 -0.99982559465345 1.0 0.9996730490005974 -0.999757055160687
0.999175778474594 1.0 1.0 -0.9999721293761449 0.9996730490005974 1.0 -0.999993584969543
-0.9993125217711635 -0.999993584969543 -0.999993584969543 0.9999905914655078 -0.999757055160687 -0.999993584969543 1.0