1.0 0.9994349877946023 0.9994349877946023 -0.9996288195551347 0.9998613610454299 0.9994349877946023 -0.9995175069977827
0.9994349877946023 1.0 1.0 -0.9999792377031463 0.9998526195585086 1.0 -0.9999964815767175
0.9994349877946023 1.0 1.0 -0.9999792377031463 0.9998526195585086 1.0 -0.9999964815767175
-0.9996288195551347 -0.9999792377031463 -0.9999792377031463 1.0 -0.999941163353439 -0.9999792377031463 0.9999919534257298
0.9998613610454299 0.9998526195585086 0.9998526195585086 -0.999941163353439 1.0 0.9998526195585086 -0.9998934001230965
0.9994349877946023 1.0 1.0 -0.9999792377031463 0.9998526195585086 1.0 -0.9999964815767175
-0.9995175069977827 -0.9999964815767175 -0.9999964815767175 0.9999919534257298 -0.9998934001230965 -0.9999964815767175 1.0