1.0 0.9989334489707837 0.9989334489707837 -0.9990678595278886 0.9998577644399139 0.9989334489707837 -0.9991657623223003
0.9989334489707837 1.0 1.0 -0.9999688436654836 0.9992679959696267 1.0 -0.9999826832074483
0.9989334489707837 1.0 1.0 -0.9999688436654836 0.9992679959696267 1.0 -0.9999826832074483
-0.9990678595278886 -0.9999688436654836 -0.9999688436654836 1.0 -0.9992832364791373 -0.9999688436654836 0.9999562584590468
0.9998577644399139 0.9992679959696267 0.9992679959696267 -0.9992832364791373 1.0 0.9992679959696267 -0.9994743866152389
0.9989334489707837 1.0 1.0 -0.9999688436654836 0.9992679959696267 1.0 -0.9999826832074483
-0.9991657623223003 -0.9999826832074483 -0.9999826832074483 0.9999562584590468 -0.9994743866152389 -0.9999826832074483 1.0