1.0 -0.9810817078906244 -0.9807969059283871 0.9805877913710986 0.9998835411311146 -0.9807969059283871 0.9296307962924399
-0.9810817078906244 1.0 0.9999862678837921 -0.999882621531654 -0.9806342499297114 0.9999862678837921 -0.9833123319578644
-0.9807969059283871 0.9999862678837921 1.0 -0.9999362629715189 -0.9803694945132192 1.0 -0.9835633484396759
0.9805877913710986 -0.999882621531654 -0.9999362629715189 1.0 0.9802573809687507 -0.9999362629715189 0.9834773043090955
0.9998835411311146 -0.9806342499297114 -0.9803694945132192 0.9802573809687507 1.0 -0.9803694945132192 0.9286852511580966
-0.9807969059283871 0.9999862678837921 1.0 -0.9999362629715189 -0.9803694945132192 1.0 -0.9835633484396759
0.9296307962924399 -0.9833123319578644 -0.9835633484396759 0.9834773043090955 0.9286852511580966 -0.9835633484396759 1.0