1.0 -0.9830546797684254 -0.9830546797684254 0.9833982033945802 0.9998334406941997 -0.9830546797684254 0.9259209020228112
-0.9830546797684254 1.0 1.0 -0.9999590338839073 -0.9830162364086696 1.0 -0.9793703373151799
-0.9830546797684254 1.0 1.0 -0.9999590338839073 -0.9830162364086696 1.0 -0.9793703373151799
0.9833982033945802 -0.9999590338839073 -0.9999590338839073 1.0 0.9834762538467199 -0.9999590338839073 0.9787532725377943
0.9998334406941997 -0.9830162364086696 -0.9830162364086696 0.9834762538467199 1.0 -0.9830162364086696 0.9256770795082556
-0.9830546797684254 1.0 1.0 -0.9999590338839073 -0.9830162364086696 1.0 -0.9793703373151799
0.9259209020228112 -0.9793703373151799 -0.9793703373151799 0.9787532725377943 0.9256770795082556 -0.9793703373151799 1.0