1.0 -0.9802253439260397 -0.9802253439260397 0.980449443248924 0.999908106109175 -0.9802253439260397 0.9046112774303663
-0.9802253439260397 1.0 1.0 -0.9999720070343793 -0.9809824478498581 1.0 -0.9709438402724623
-0.9802253439260397 1.0 1.0 -0.9999720070343793 -0.9809824478498581 1.0 -0.9709438402724623
0.980449443248924 -0.9999720070343793 -0.9999720070343793 1.0 0.9812755942166541 -0.9999720070343793 0.9704589911092707
0.999908106109175 -0.9809824478498581 -0.9809824478498581 0.9812755942166541 1.0 -0.9809824478498581 0.9060678148274699
-0.9802253439260397 1.0 1.0 -0.9999720070343793 -0.9809824478498581 1.0 -0.9709438402724623
0.9046112774303663 -0.9709438402724623 -0.9709438402724623 0.9704589911092707 0.9060678148274699 -0.9709438402724623 1.0