1.0 -0.9770337704030241 -0.9770337704030241 0.9771311588369189 0.9998560328933646 -0.9770337704030241 0.9067567361470816
-0.9770337704030241 1.0 1.0 -0.9999415367199883 -0.9757792048862307 1.0 -0.9756724179439323
-0.9770337704030241 1.0 1.0 -0.9999415367199883 -0.9757792048862307 1.0 -0.9756724179439323
0.9771311588369189 -0.9999415367199883 -0.9999415367199883 1.0 0.97602798210555 -0.9999415367199883 0.9752631847285022
0.9998560328933646 -0.9757792048862307 -0.9757792048862307 0.97602798210555 1.0 -0.9757792048862307 0.9041028883784091
-0.9770337704030241 1.0 1.0 -0.9999415367199883 -0.9757792048862307 1.0 -0.9756724179439323
0.9067567361470816 -0.9756724179439323 -0.9756724179439323 0.9752631847285022 0.9041028883784091 -0.9756724179439323 1.0