1.0 -0.9802000314716334 -0.9802000314716334 0.981024389685963 0.9998515148813554 -0.9802000314716334 0.9258982884299204
-0.9802000314716334 1.0 1.0 -0.9999335694635115 -0.9796208871074104 1.0 -0.9822620788778739
-0.9802000314716334 1.0 1.0 -0.9999335694635115 -0.9796208871074104 1.0 -0.9822620788778739
0.981024389685963 -0.9999335694635115 -0.9999335694635115 1.0 0.9806121014346194 -0.9999335694635115 0.9811595063644177
0.9998515148813554 -0.9796208871074104 -0.9796208871074104 0.9806121014346194 1.0 -0.9796208871074104 0.9246023361699373
-0.9802000314716334 1.0 1.0 -0.9999335694635115 -0.9796208871074104 1.0 -0.9822620788778739
0.9258982884299204 -0.9822620788778739 -0.9822620788778739 0.9811595063644177 0.9246023361699373 -0.9822620788778739 1.0