1.0 -0.9825457129613624 -0.9825457129613624 0.9828429763083248 0.9998473642995817 -0.9825457129613624 0.9233003513403265
-0.9825457129613624 1.0 1.0 -0.9999642879509535 -0.982284490809006 1.0 -0.978509931873578
-0.9825457129613624 1.0 1.0 -0.9999642879509535 -0.982284490809006 1.0 -0.978509931873578
0.9828429763083248 -0.9999642879509535 -0.9999642879509535 1.0 0.9827004558519941 -0.9999642879509535 0.977946240908929
0.9998473642995817 -0.982284490809006 -0.982284490809006 0.9827004558519941 1.0 -0.982284490809006 0.922553694757938
-0.9825457129613624 1.0 1.0 -0.9999642879509535 -0.982284490809006 1.0 -0.978509931873578
0.9233003513403265 -0.978509931873578 -0.978509931873578 0.977946240908929 0.922553694757938 -0.978509931873578 1.0