1.0 -0.9865783898537803 -0.9865704417390642 0.986128818459594 0.9998040103991253 -0.9865704417390642 0.9502288484093628
-0.9865783898537803 1.0 0.9999990766630225 -0.9999331859078694 -0.9872471961571913 0.9999990766630225 -0.9882557060640392
-0.9865704417390642 0.9999990766630225 1.0 -0.9999356725525055 -0.9872417122189939 1.0 -0.9882620938022968
0.986128818459594 -0.9999331859078694 -0.9999356725525055 1.0 0.9870003631865125 -0.9999356725525055 0.9883562859475643
0.9998040103991253 -0.9872471961571913 -0.9872417122189939 0.9870003631865125 1.0 -0.9872417122189939 0.951339452905777
-0.9865704417390642 0.9999990766630225 1.0 -0.9999356725525055 -0.9872417122189939 1.0 -0.9882620938022968
0.9502288484093628 -0.9882557060640392 -0.9882620938022968 0.9883562859475643 0.951339452905777 -0.9882620938022968 1.0