1.0 -0.9830637816836982 -0.9830637816836982 0.9830162070062981 0.9998599471129627 -0.9830637816836982 0.9334348506715003
-0.9830637816836982 1.0 1.0 -0.9999726526568413 -0.9832589809030752 1.0 -0.9832572634662198
-0.9830637816836982 1.0 1.0 -0.9999726526568413 -0.9832589809030752 1.0 -0.9832572634662198
0.9830162070062981 -0.9999726526568413 -0.9999726526568413 1.0 0.9833196995129551 -0.9999726526568413 0.9831050170407751
0.9998599471129627 -0.9832589809030752 -0.9832589809030752 0.9833196995129551 1.0 -0.9832589809030752 0.9336141673624793
-0.9830637816836982 1.0 1.0 -0.9999726526568413 -0.9832589809030752 1.0 -0.9832572634662198
0.9334348506715003 -0.9832572634662198 -0.9832572634662198 0.9831050170407751 0.9336141673624793 -0.9832572634662198 1.0