1.0 -0.9737893263387066 -0.9737893263387066 0.974512061893522 0.9998889870323631 -0.9737893263387066 0.9080602351389632
-0.9737893263387066 1.0 1.0 -0.9999555810450406 -0.9729732747374357 1.0 -0.979457744223163
-0.9737893263387066 1.0 1.0 -0.9999555810450406 -0.9729732747374357 1.0 -0.979457744223163
0.974512061893522 -0.9999555810450406 -0.9999555810450406 1.0 0.9737951258560247 -0.9999555810450406 0.9786189039603882
0.9998889870323631 -0.9729732747374357 -0.9729732747374357 0.9737951258560247 1.0 -0.9729732747374357 0.906445744206975
-0.9737893263387066 1.0 1.0 -0.9999555810450406 -0.9729732747374357 1.0 -0.979457744223163
0.9080602351389632 -0.979457744223163 -0.979457744223163 0.9786189039603882 0.906445744206975 -0.979457744223163 1.0