1.0 -0.9824130733320714 -0.9824130733320714 0.9832298166834743 0.9999516370439285 -0.9824130733320714 0.9182537714443841
-0.9824130733320714 1.0 1.0 -0.9999644749627068 -0.9816717651337937 1.0 -0.9759937187207938
-0.9824130733320714 1.0 1.0 -0.9999644749627068 -0.9816717651337937 1.0 -0.9759937187207938
0.9832298166834743 -0.9999644749627068 -0.9999644749627068 1.0 0.9825300664216331 -0.9999644749627068 0.9748839960679366
0.9999516370439285 -0.9816717651337937 -0.9816717651337937 0.9825300664216331 1.0 -0.9816717651337937 0.9166312435272943
-0.9824130733320714 1.0 1.0 -0.9999644749627068 -0.9816717651337937 1.0 -0.9759937187207938
0.9182537714443841 -0.9759937187207938 -0.9759937187207938 0.9748839960679366 0.9166312435272943 -0.9759937187207938 1.0