1.0 -0.9854418668858559 -0.9854418668858559 0.9854232882672677 0.9998601330108852 -0.9854418668858559 0.9452071157870343
-0.9854418668858559 1.0 1.0 -0.9999668440719388 -0.9859002984084685 1.0 -0.9868599608494381
-0.9854418668858559 1.0 1.0 -0.9999668440719388 -0.9859002984084685 1.0 -0.9868599608494381
0.9854232882672677 -0.9999668440719388 -0.9999668440719388 1.0 0.9859847870668741 -0.9999668440719388 0.9866844722945664
0.9998601330108852 -0.9859002984084685 -0.9859002984084685 0.9859847870668741 1.0 -0.9859002984084685 0.9459291861658826
-0.9854418668858559 1.0 1.0 -0.9999668440719388 -0.9859002984084685 1.0 -0.9868599608494381
0.9452071157870343 -0.9868599608494381 -0.9868599608494381 0.9866844722945664 0.9459291861658826 -0.9868599608494381 1.0