1.0 -0.9822014531151465 -0.9822014531151465 0.9819570773550276 0.999873484560972 -0.9822014531151465 0.9245943592480659
-0.9822014531151465 1.0 1.0 -0.9999593858541275 -0.9817809665227611 1.0 -0.9795829691239383
-0.9822014531151465 1.0 1.0 -0.9999593858541275 -0.9817809665227611 1.0 -0.9795829691239383
0.9819570773550276 -0.9999593858541275 -0.9999593858541275 1.0 0.9816548113784972 -0.9999593858541275 0.9795877634441684
0.999873484560972 -0.9817809665227611 -0.9817809665227611 0.9816548113784972 1.0 -0.9817809665227611 0.9235587620206196
-0.9822014531151465 1.0 1.0 -0.9999593858541275 -0.9817809665227611 1.0 -0.9795829691239383
0.9245943592480659 -0.9795829691239383 -0.9795829691239383 0.9795877634441684 0.9235587620206196 -0.9795829691239383 1.0