1.0 -0.98001358469995 -0.98001358469995 0.9799928894086036 0.999888809053598 -0.98001358469995 0.9156958443596598
-0.98001358469995 1.0 1.0 -0.9999596395661566 -0.9801808891290006 1.0 -0.9772548707076606
-0.98001358469995 1.0 1.0 -0.9999596395661566 -0.9801808891290006 1.0 -0.9772548707076606
0.9799928894086036 -0.9999596395661566 -0.9999596395661566 1.0 0.9802587653617201 -0.9999596395661566 0.9770697439729054
0.999888809053598 -0.9801808891290006 -0.9801808891290006 0.9802587653617201 1.0 -0.9801808891290006 0.915889440547103
-0.98001358469995 1.0 1.0 -0.9999596395661566 -0.9801808891290006 1.0 -0.9772548707076606
0.9156958443596598 -0.9772548707076606 -0.9772548707076606 0.9770697439729054 0.915889440547103 -0.9772548707076606 1.0