1.0 -0.9807966195007356 -0.9807966195007356 0.9815063321665995 0.9997349406321367 -0.9807966195007356 0.923354639789193
-0.9807966195007356 1.0 1.0 -0.9998964688656798 -0.9786250921142366 1.0 -0.9803214078087652
-0.9807966195007356 1.0 1.0 -0.9998964688656798 -0.9786250921142366 1.0 -0.9803214078087652
0.9815063321665995 -0.9998964688656798 -0.9998964688656798 1.0 0.9796196014994449 -0.9998964688656798 0.9790636403739321
0.9997349406321367 -0.9786250921142366 -0.9786250921142366 0.9796196014994449 1.0 -0.9786250921142366 0.9188129231131558
-0.9807966195007356 1.0 1.0 -0.9998964688656798 -0.9786250921142366 1.0 -0.9803214078087652
0.923354639789193 -0.9803214078087652 -0.9803214078087652 0.9790636403739321 0.9188129231131558 -0.9803214078087652 1.0