1.0 -0.9863511234179199 -0.9863511234179199 0.9858646803452804 0.9998241849939667 -0.9863511234179199 0.9456257994730489
-0.9863511234179199 1.0 1.0 -0.9999494336716188 -0.9864742603230725 1.0 -0.9861396055489766
-0.9863511234179199 1.0 1.0 -0.9999494336716188 -0.9864742603230725 1.0 -0.9861396055489766
0.9858646803452804 -0.9999494336716188 -0.9999494336716188 1.0 0.9861440880079253 -0.9999494336716188 0.986322004053341
0.9998241849939667 -0.9864742603230725 -0.9864742603230725 0.9861440880079253 1.0 -0.9864742603230725 0.9456297994652045
-0.9863511234179199 1.0 1.0 -0.9999494336716188 -0.9864742603230725 1.0 -0.9861396055489766
0.9456257994730489 -0.9861396055489766 -0.9861396055489766 0.986322004053341 0.9456297994652045 -0.9861396055489766 1.0