1.0 -0.9853059841096492 -0.9853059841096492 0.985273168434495 0.9998544311414718 -0.9853059841096492 0.9303288752704763
-0.9853059841096492 1.0 1.0 -0.9999609844525461 -0.9854794353345593 1.0 -0.9791607943165508
-0.9853059841096492 1.0 1.0 -0.9999609844525461 -0.9854794353345593 1.0 -0.9791607943165508
0.985273168434495 -0.9999609844525461 -0.9999609844525461 1.0 0.9855716991802328 -0.9999609844525461 0.9789282372839423
0.9998544311414718 -0.9854794353345593 -0.9854794353345593 0.9855716991802328 1.0 -0.9854794353345593 0.9304757473471512
-0.9853059841096492 1.0 1.0 -0.9999609844525461 -0.9854794353345593 1.0 -0.9791607943165508
0.9303288752704763 -0.9791607943165508 -0.9791607943165508 0.9789282372839423 0.9304757473471512 -0.9791607943165508 1.0