1.0 -0.9785225509508361 -0.9784965645721273 0.9786475419351164 0.9998365983812655 -0.9784965645721273 0.913791951854318
-0.9785225509508361 1.0 0.9999989394591714 -0.9999310530680133 -0.9784460730906764 0.9999989394591714 -0.9777664458924195
-0.9784965645721273 0.9999989394591714 1.0 -0.9999351750272852 -0.978423087564232 1.0 -0.9777912706951223
0.9786475419351164 -0.9999310530680133 -0.9999351750272852 1.0 0.9787253023625212 -0.9999351750272852 0.9772958155217074
0.9998365983812655 -0.9784460730906764 -0.978423087564232 0.9787253023625212 1.0 -0.978423087564232 0.9134257059947964
-0.9784965645721273 0.9999989394591714 1.0 -0.9999351750272852 -0.978423087564232 1.0 -0.9777912706951223
0.913791951854318 -0.9777664458924195 -0.9777912706951223 0.9772958155217074 0.9134257059947964 -0.9777912706951223 1.0