1.0 -0.9872248511841705 -0.9872248511841705 0.9870567601064716 0.9998650409207523 -0.9872248511841705 0.949560488602966
-0.9872248511841705 1.0 1.0 -0.9999540176056574 -0.9882846161708506 1.0 -0.9873110207732649
-0.9872248511841705 1.0 1.0 -0.9999540176056574 -0.9882846161708506 1.0 -0.9873110207732649
0.9870567601064716 -0.9999540176056574 -0.9999540176056574 1.0 0.9882087799394663 -0.9999540176056574 0.9872517279830209
0.9998650409207523 -0.9882846161708506 -0.9882846161708506 0.9882087799394663 1.0 -0.9882846161708506 0.9515259762443158
-0.9872248511841705 1.0 1.0 -0.9999540176056574 -0.9882846161708506 1.0 -0.9873110207732649
0.949560488602966 -0.9873110207732649 -0.9873110207732649 0.9872517279830209 0.9515259762443158 -0.9873110207732649 1.0