1.0 -0.9816922303848866 -0.9815362386848049 0.9812289770818347 0.999833463511081 -0.9815362386848049 0.9140608389845266
-0.9816922303848866 1.0 0.9999932656335371 -0.9998829617250817 -0.980948442518686 0.9999932656335371 -0.9744615209470643
-0.9815362386848049 0.9999932656335371 1.0 -0.9999225341241569 -0.9808331450660978 1.0 -0.9746005627880358
0.9812289770818347 -0.9998829617250817 -0.9999225341241569 1.0 0.9807086459555316 -0.9999225341241569 0.9745287688434464
0.999833463511081 -0.980948442518686 -0.9808331450660978 0.9807086459555316 1.0 -0.9808331450660978 0.9123045585578015
-0.9815362386848049 0.9999932656335371 1.0 -0.9999225341241569 -0.9808331450660978 1.0 -0.9746005627880358
0.9140608389845266 -0.9744615209470643 -0.9746005627880358 0.9745287688434464 0.9123045585578015 -0.9746005627880358 1.0