1.0 -0.9798085392726487 -0.9798085392726487 0.9802720491731614 0.9999122348376851 -0.9798085392726487 0.9153077418599468
-0.9798085392726487 1.0 1.0 -0.999974203214791 -0.9787255379666463 1.0 -0.9772825010987838
-0.9798085392726487 1.0 1.0 -0.999974203214791 -0.9787255379666463 1.0 -0.9772825010987838
0.9802720491731614 -0.999974203214791 -0.999974203214791 1.0 0.9792433005706278 -0.999974203214791 0.9766479784799946
0.9999122348376851 -0.9787255379666463 -0.9787255379666463 0.9792433005706278 1.0 -0.9787255379666463 0.9130391997629326
-0.9798085392726487 1.0 1.0 -0.999974203214791 -0.9787255379666463 1.0 -0.9772825010987838
0.9153077418599468 -0.9772825010987838 -0.9772825010987838 0.9766479784799946 0.9130391997629326 -0.9772825010987838 1.0