1.0 -0.9867453043561811 -0.9867453043561811 0.9867295753329637 0.9999387050977336 -0.9867453043561811 0.9482509309730887
-0.9867453043561811 1.0 1.0 -0.9999774179625038 -0.9875017077217167 1.0 -0.9871817451601377
-0.9867453043561811 1.0 1.0 -0.9999774179625038 -0.9875017077217167 1.0 -0.9871817451601377
0.9867295753329637 -0.9999774179625038 -0.9999774179625038 1.0 0.9875069121497279 -0.9999774179625038 0.9871005329897836
0.9999387050977336 -0.9875017077217167 -0.9875017077217167 0.9875069121497279 1.0 -0.9875017077217167 0.9497147534086182
-0.9867453043561811 1.0 1.0 -0.9999774179625038 -0.9875017077217167 1.0 -0.9871817451601377
0.9482509309730887 -0.9871817451601377 -0.9871817451601377 0.9871005329897836 0.9497147534086182 -0.9871817451601377 1.0