1.0 -0.9859898789707359 -0.9858689905266682 0.9858144877909931 0.9999024585220957 -0.9858689905266682 0.9494650516552997
-0.9859898789707359 1.0 0.9999973269430957 -0.9999568119848389 -0.9862510202285971 0.9999973269430957 -0.9884405890869703
-0.9858689905266682 0.9999973269430957 1.0 -0.999964699272115 -0.9861410348494134 1.0 -0.9885479011386504
0.9858144877909931 -0.9999568119848389 -0.999964699272115 1.0 0.9861847404103724 -0.999964699272115 0.988398336740052
0.9999024585220957 -0.9862510202285971 -0.9861410348494134 0.9861847404103724 1.0 -0.9861410348494134 0.9498406561089963
-0.9858689905266682 0.9999973269430957 1.0 -0.999964699272115 -0.9861410348494134 1.0 -0.9885479011386504
0.9494650516552997 -0.9884405890869703 -0.9885479011386504 0.988398336740052 0.9498406561089963 -0.9885479011386504 1.0