1.0 -0.9821101653756379 -0.9821101653756379 0.9818249136099629 0.9998585615160247 -0.9821101653756379 0.9321254508185087
-0.9821101653756379 1.0 1.0 -0.9999200406534896 -0.9827344844548018 1.0 -0.9835312521462402
-0.9821101653756379 1.0 1.0 -0.9999200406534896 -0.9827344844548018 1.0 -0.9835312521462402
0.9818249136099629 -0.9999200406534896 -0.9999200406534896 1.0 0.9826296973856248 -0.9999200406534896 0.9834143380967105
0.9998585615160247 -0.9827344844548018 -0.9827344844548018 0.9826296973856248 1.0 -0.9827344844548018 0.9331299431006965
-0.9821101653756379 1.0 1.0 -0.9999200406534896 -0.9827344844548018 1.0 -0.9835312521462402
0.9321254508185087 -0.9835312521462402 -0.9835312521462402 0.9834143380967105 0.9331299431006965 -0.9835312521462402 1.0