1.0 -0.981736037945361 -0.981736037945361 0.9821258255104768 0.999782267767373 -0.981736037945361 0.9170100475949583
-0.981736037945361 1.0 1.0 -0.9999007013697366 -0.9809430667756284 1.0 -0.9759620554343901
-0.981736037945361 1.0 1.0 -0.9999007013697366 -0.9809430667756284 1.0 -0.9759620554343901
0.9821258255104768 -0.9999007013697366 -0.9999007013697366 1.0 0.9815966846946426 -0.9999007013697366 0.9749508991608875
0.999782267767373 -0.9809430667756284 -0.9809430667756284 0.9815966846946426 1.0 -0.9809430667756284 0.9150556217964058
-0.981736037945361 1.0 1.0 -0.9999007013697366 -0.9809430667756284 1.0 -0.9759620554343901
0.9170100475949583 -0.9759620554343901 -0.9759620554343901 0.9749508991608875 0.9150556217964058 -0.9759620554343901 1.0