1.0 -0.9806677000198929 -0.9806677000198929 0.981087329837968 0.9999002872523808 -0.9806677000198929 0.9224013870921612
-0.9806677000198929 1.0 1.0 -0.9999768953600736 -0.9804839207906558 1.0 -0.9800635528077231
-0.9806677000198929 1.0 1.0 -0.9999768953600736 -0.9804839207906558 1.0 -0.9800635528077231
0.981087329837968 -0.9999768953600736 -0.9999768953600736 1.0 0.9809714510273069 -0.9999768953600736 0.9794916965869844
0.9999002872523808 -0.9804839207906558 -0.9804839207906558 0.9809714510273069 1.0 -0.9804839207906558 0.921896778844445
-0.9806677000198929 1.0 1.0 -0.9999768953600736 -0.9804839207906558 1.0 -0.9800635528077231
0.9224013870921612 -0.9800635528077231 -0.9800635528077231 0.9794916965869844 0.921896778844445 -0.9800635528077231 1.0