1.0 -0.9888417434279183 -0.9888417434279183 0.9887153032665359 0.9998974771798043 -0.9888417434279183 0.9558537892719489
-0.9888417434279183 1.0 1.0 -0.9999571396300276 -0.9884764957749436 1.0 -0.9888844692076946
-0.9888417434279183 1.0 1.0 -0.9999571396300276 -0.9884764957749436 1.0 -0.9888844692076946
0.9887153032665359 -0.9999571396300276 -0.9999571396300276 1.0 0.988448297514381 -0.9999571396300276 0.9887814115176364
0.9998974771798043 -0.9884764957749436 -0.9884764957749436 0.988448297514381 1.0 -0.9884764957749436 0.9550101735608276
-0.9888417434279183 1.0 1.0 -0.9999571396300276 -0.9884764957749436 1.0 -0.9888844692076946
0.9558537892719489 -0.9888844692076946 -0.9888844692076946 0.9887814115176364 0.9550101735608276 -0.9888844692076946 1.0