1.0 -0.9789792419781784 -0.9789792419781784 0.9795292974261569 0.999772544452 -0.9789792419781784 0.9277651856988565
-0.9789792419781784 1.0 1.0 -0.9999438321265527 -0.9792853849622133 1.0 -0.9842300046741448
-0.9789792419781784 1.0 1.0 -0.9999438321265527 -0.9792853849622133 1.0 -0.9842300046741448
0.9795292974261569 -0.9999438321265527 -0.9999438321265527 1.0 0.9800048532485255 -0.9999438321265527 0.9834500353090144
0.999772544452 -0.9792853849622133 -0.9792853849622133 0.9800048532485255 1.0 -0.9792853849622133 0.9280476922481997
-0.9789792419781784 1.0 1.0 -0.9999438321265527 -0.9792853849622133 1.0 -0.9842300046741448
0.9277651856988565 -0.9842300046741448 -0.9842300046741448 0.9834500353090144 0.9280476922481997 -0.9842300046741448 1.0