1.0 -0.9793699465009501 -0.9793699465009501 0.979507083469992 0.9999068551510406 -0.9793699465009501 0.9118900107697104
-0.9793699465009501 1.0 1.0 -0.9999685160369214 -0.9800143153950187 1.0 -0.9759174809582205
-0.9793699465009501 1.0 1.0 -0.9999685160369214 -0.9800143153950187 1.0 -0.9759174809582205
0.979507083469992 -0.9999685160369214 -0.9999685160369214 1.0 0.9802175377931676 -0.9999685160369214 0.9755739890477767
0.9999068551510406 -0.9800143153950187 -0.9800143153950187 0.9802175377931676 1.0 -0.9800143153950187 0.9130554701667039
-0.9793699465009501 1.0 1.0 -0.9999685160369214 -0.9800143153950187 1.0 -0.9759174809582205
0.9118900107697104 -0.9759174809582205 -0.9759174809582205 0.9755739890477767 0.9130554701667039 -0.9759174809582205 1.0