1.0 -0.9775823595798758 -0.9775823595798758 0.9772838099842165 0.9998399657715563 -0.9775823595798758 0.9185333981885986
-0.9775823595798758 1.0 1.0 -0.9999558231073102 -0.9784746102840497 1.0 -0.9810800268447215
-0.9775823595798758 1.0 1.0 -0.9999558231073102 -0.9784746102840497 1.0 -0.9810800268447215
0.9772838099842165 -0.9999558231073102 -0.9999558231073102 1.0 0.9783075319877637 -0.9999558231073102 0.9811163202863687
0.9998399657715563 -0.9784746102840497 -0.9784746102840497 0.9783075319877637 1.0 -0.9784746102840497 0.9200426823884591
-0.9775823595798758 1.0 1.0 -0.9999558231073102 -0.9784746102840497 1.0 -0.9810800268447215
0.9185333981885986 -0.9810800268447215 -0.9810800268447215 0.9811163202863687 0.9200426823884591 -0.9810800268447215 1.0