1.0 -0.9798027694052748 -0.9795893538285908 0.9799116121813448 0.9998487797917045 -0.9795893538285908 0.9217077050387052
-0.9798027694052748 1.0 0.9999940085902722 -0.9998688906285628 -0.9792351119179482 0.9999940085902722 -0.9805493081279355
-0.9795893538285908 0.9999940085902722 1.0 -0.9998958428627621 -0.97904886870144 1.0 -0.9807361835271918
0.9799116121813448 -0.9998688906285628 -0.9998958428627621 1.0 0.9795852144560985 -0.9998958428627621 0.9799305879683283
0.9998487797917045 -0.9792351119179482 -0.97904886870144 0.9795852144560985 1.0 -0.97904886870144 0.9204563448000722
-0.9795893538285908 0.9999940085902722 1.0 -0.9998958428627621 -0.97904886870144 1.0 -0.9807361835271918
0.9217077050387052 -0.9805493081279355 -0.9807361835271918 0.9799305879683283 0.9204563448000722 -0.9807361835271918 1.0