1.0 -0.9744037962918419 -0.9744037962918419 0.9743850855759657 0.999849520067087 -0.9744037962918419 0.8935814695444924
-0.9744037962918419 1.0 1.0 -0.9999461778050618 -0.9757097099176112 1.0 -0.9715191774504943
-0.9744037962918419 1.0 1.0 -0.9999461778050618 -0.9757097099176112 1.0 -0.9715191774504943
0.9743850855759657 -0.9999461778050618 -0.9999461778050618 1.0 0.9758306081095184 -0.9999461778050618 0.9712369056889147
0.999849520067087 -0.9757097099176112 -0.9757097099176112 0.9758306081095184 1.0 -0.9757097099176112 0.8960355974168227
-0.9744037962918419 1.0 1.0 -0.9999461778050618 -0.9757097099176112 1.0 -0.9715191774504943
0.8935814695444924 -0.9715191774504943 -0.9715191774504943 0.9712369056889147 0.8960355974168227 -0.9715191774504943 1.0