1.0 -1.0000000000000002 -1.0000000000000002 0.9999997664156682 0.9999999887574168 -1.0000000000000002 0.9999999757998107
-1.0000000000000002 1.0 1.0 -0.999999766415668 -0.9999999887574168 1.0 -0.9999999757998105
-1.0000000000000002 1.0 1.0 -0.999999766415668 -0.9999999887574168 1.0 -0.9999999757998105
0.9999997664156682 -0.999999766415668 -0.999999766415668 1.0 0.9999998576638865 -0.999999766415668 0.999999591845482
0.9999999887574168 -0.9999999887574168 -0.9999999887574168 0.9999998576638865 1.0 -0.9999999887574168 0.9999999315679783
-1.0000000000000002 1.0 1.0 -0.999999766415668 -0.9999999887574168 1.0 -0.9999999757998105
0.9999999757998107 -0.9999999757998105 -0.9999999757998105 0.999999591845482 0.9999999315679783 -0.9999999757998105 1.0