1.0 -0.9996807433495979 -0.9996807433495979 0.9996810923662071 0.9999709153640601 -0.9996807433495979 0.9995239216193459
-0.9996807433495979 1.0 1.0 -0.9999967974437005 -0.9996284173229326 1.0 -0.9999837020090785
-0.9996807433495979 1.0 1.0 -0.9999967974437005 -0.9996284173229326 1.0 -0.9999837020090785
0.9996810923662071 -0.9999967974437005 -0.9999967974437005 1.0 0.9996412011515765 -0.9999967974437005 0.99997710549066
0.9999709153640601 -0.9996284173229326 -0.9996284173229326 0.9996412011515765 1.0 -0.9996284173229326 0.9994591093349665
-0.9996807433495979 1.0 1.0 -0.9999967974437005 -0.9996284173229326 1.0 -0.9999837020090785
0.9995239216193459 -0.9999837020090785 -0.9999837020090785 0.99997710549066 0.9994591093349665 -0.9999837020090785 1.0