1.0 -0.9999966160701464 -0.9999966160701464 0.9999954041853442 0.9999904316465 -0.9999966160701464 0.9999983235266132
-0.9999966160701464 1.0 1.0 -0.9999999074384338 -0.9999984281580458 1.0 -0.9999997032371744
-0.9999966160701464 1.0 1.0 -0.9999999074384338 -0.9999984281580458 1.0 -0.9999997032371744
0.9999954041853442 -0.9999999074384338 -0.9999999074384338 1.0 0.9999990984649803 -0.9999999074384338 0.9999992792011934
0.9999904316465 -0.9999984281580458 -0.9999984281580458 0.9999990984649803 1.0 -0.9999984281580458 0.9999967654325486
-0.9999966160701464 1.0 1.0 -0.9999999074384338 -0.9999984281580458 1.0 -0.9999997032371744
0.9999983235266132 -0.9999997032371744 -0.9999997032371744 0.9999992792011934 0.9999967654325486 -0.9999997032371744 1.0