1.0 -1.0 -1.0 0.9999997903010858 0.9999994993385708 -1.0 0.9999999802202904
-1.0 1.0 1.0 -0.9999997903010858 -0.9999994993385708 1.0 -0.9999999802202904
-1.0 1.0 1.0 -0.9999997903010858 -0.9999994993385708 1.0 -0.9999999802202904
0.9999997903010858 -0.9999997903010858 -0.9999997903010858 1.0 0.9999986416023523 -0.9999997903010858 0.9999998993279507
0.9999994993385708 -0.9999994993385708 -0.9999994993385708 0.9999986416023523 1.0 -0.9999994993385708 0.9999992805318869
-1.0 1.0 1.0 -0.9999997903010858 -0.9999994993385708 1.0 -0.9999999802202904
0.9999999802202904 -0.9999999802202904 -0.9999999802202904 0.9999998993279507 0.9999992805318869 -0.9999999802202904 1.0