1.0 -1.0 -1.0 0.999999991857704 0.999998668404729 -1.0 0.9999999997255189
-1.0 1.0 1.0 -0.999999991857704 -0.999998668404729 1.0 -0.9999999997255189
-1.0 1.0 1.0 -0.999999991857704 -0.999998668404729 1.0 -0.9999999997255189
0.999999991857704 -0.999999991857704 -0.999999991857704 1.0 0.9999988685145542 -0.999999991857704 0.9999999945731439
0.999998668404729 -0.999998668404729 -0.999998668404729 0.9999988685145542 1.0 -0.999998668404729 0.999998706366231
-1.0 1.0 1.0 -0.999999991857704 -0.999998668404729 1.0 -0.9999999997255189
0.9999999997255189 -0.9999999997255189 -0.9999999997255189 0.9999999945731439 0.999998706366231 -0.9999999997255189 1.0