1.0 -0.901169948082503 -0.8991194244021972 0.8998217127810352 0.9992162679758855 -0.8992786470994486 0.569822401548357
-0.901169948082503 1.0 0.9999132729421665 -0.9989726245731476 -0.8922571281321481 0.9998670488876946 -0.868802546652267
-0.8991194244021972 0.9999132729421665 1.0 -0.9992838154226867 -0.8900697878349495 0.9999796965826943 -0.8712093590823013
0.8998217127810352 -0.9989726245731476 -0.9992838154226867 1.0 0.8912316340626363 -0.9993453994904247 0.8676716284743163
0.9992162679758855 -0.8922571281321481 -0.8900697878349495 0.8912316340626363 1.0 -0.8901991442026079 0.5522437513493687
-0.8992786470994486 0.9998670488876946 0.9999796965826943 -0.9993453994904247 -0.8901991442026079 1.0 -0.8710630228868642
0.569822401548357 -0.868802546652267 -0.8712093590823013 0.8676716284743163 0.5522437513493687 -0.8710630228868642 1.0