1.0 -0.8965457014294137 -0.8866865597217326 0.8830611087846851 0.9994176326196882 -0.8861485846517216 0.6457577973991873
-0.8965457014294137 1.0 0.9994068276807397 -0.9978120467442693 -0.893702250227715 0.9993373022871321 -0.9164024382205501
-0.8866865597217326 0.9994068276807397 1.0 -0.9992001622768363 -0.8838267194003033 0.9999787971908215 -0.9251064737690621
0.8830611087846851 -0.9978120467442693 -0.9992001622768363 1.0 0.8807608062182056 -0.999243745971112 0.9255073119299957
0.9994176326196882 -0.893702250227715 -0.8838267194003033 0.8807608062182056 1.0 -0.8832794904561193 0.640445743418493
-0.8861485846517216 0.9993373022871321 0.9999787971908215 -0.999243745971112 -0.8832794904561193 1.0 -0.925568837040216
0.6457577973991873 -0.9164024382205501 -0.9251064737690621 0.9255073119299957 0.640445743418493 -0.925568837040216 1.0