1.0 0.9599572607292162 0.9628324847178615 -0.962832484717861 0.9975267918038725 0.9628324847178631 -0.977242960007176
0.9599572607292162 1.0 0.9992678898612192 -0.9992678898612212 0.9495286842233369 0.9992678898612221 -0.997137817101212
0.9628324847178615 0.9992678898612192 1.0 -0.999999999999998 0.9517665637938278 1.0000000000000013 -0.9981918191407709
-0.962832484717861 -0.9992678898612212 -0.999999999999998 1.0 -0.951766563793828 -0.9999999999999998 0.9981918191407703
0.9975267918038725 0.9495286842233369 0.9517665637938278 -0.951766563793828 1.0 0.9517665637938297 -0.9683485013301102
0.9628324847178631 0.9992678898612221 1.0000000000000013 -0.9999999999999998 0.9517665637938297 1.0 -0.9981918191407714
-0.977242960007176 -0.997137817101212 -0.9981918191407709 0.9981918191407703 -0.9683485013301102 -0.9981918191407714 1.0