1.0 -0.88187235130805 -0.880822773751632 0.881623384072382 0.9983766056067837 -0.880822773751632 0.6715306037908519
-0.88187235130805 1.0 0.99996850159092 -0.9995035788446225 -0.8753202042071307 0.99996850159092 -0.9409235892911163
-0.880822773751632 0.99996850159092 1.0 -0.9995181313764503 -0.874301317740823 1.0 -0.941680119575951
0.881623384072382 -0.9995035788446225 -0.9995181313764503 1.0 0.8761000341468056 -0.9995181313764503 0.9392397494530133
0.9983766056067837 -0.8753202042071307 -0.874301317740823 0.8761000341468056 1.0 -0.874301317740823 0.6603164478199502
-0.880822773751632 0.99996850159092 1.0 -0.9995181313764503 -0.874301317740823 1.0 -0.941680119575951
0.6715306037908519 -0.9409235892911163 -0.941680119575951 0.9392397494530133 0.6603164478199502 -0.941680119575951 1.0