1.0 0.9505827348478478 0.9533881181369974 -0.9533881181369991 0.9964755671051889 0.9533881181369988 -0.9700330577638137
0.9505827348478478 1.0 0.9994123700191412 -0.9994123700191434 0.9347822854143187 0.9994123700191417 -0.9971989531912059
0.9533881181369974 0.9994123700191412 1.0 -0.9999999999999989 0.9371292610249728 0.9999999999999988 -0.9981093823077768
-0.9533881181369991 -0.9994123700191434 -0.9999999999999989 1.0 -0.9371292610249744 -0.9999999999999992 0.9981093823077785
0.9964755671051889 0.9347822854143187 0.9371292610249728 -0.9371292610249744 1.0 0.9371292610249728 -0.9566416396091356
0.9533881181369988 0.9994123700191417 0.9999999999999988 -0.9999999999999992 0.9371292610249728 1.0 -0.9981093823077773
-0.9700330577638137 -0.9971989531912059 -0.9981093823077768 0.9981093823077785 -0.9566416396091356 -0.9981093823077773 1.0