1.0 -0.9353416406020195 -0.9321528458664315 0.9327036662381114 0.9994782397568089 -0.9319812869154892 0.6512163299001734
-0.9353416406020195 1.0 0.9998428168610021 -0.9993943290187604 -0.9344834104157272 0.9997969429795778 -0.8766836047699679
-0.9321528458664315 0.9998428168610021 1.0 -0.9996157512802982 -0.9312473837388004 0.9999887994125183 -0.8811026472810424
0.9327036662381114 -0.9993943290187604 -0.9996157512802982 1.0 0.9321992483421347 -0.9996467827030133 0.8784815792726299
0.9994782397568089 -0.9344834104157272 -0.9312473837388004 0.9321992483421347 1.0 -0.9310774513001071 0.6485780967667718
-0.9319812869154892 0.9997969429795778 0.9999887994125183 -0.9996467827030133 -0.9310774513001071 1.0 -0.8813222084757236
0.6512163299001734 -0.8766836047699679 -0.8811026472810424 0.8784815792726299 0.6485780967667718 -0.8813222084757236 1.0