1.0 -0.914093374320193 -0.9114825539723771 0.9088208703602936 0.9989362848647777 -0.9105809768217877 0.697667626639886
-0.914093374320193 1.0 0.9998582829860144 -0.9993021365690296 -0.9099843537058524 0.9997541582744344 -0.9269914227669147
-0.9114825539723771 0.9998582829860144 1.0 -0.9994485017312523 -0.9072599423328445 0.9999520409405347 -0.9297534924836971
0.9088208703602936 -0.9993021365690296 -0.9994485017312523 1.0 0.9051636782779718 -0.9994676277116176 0.9300136043084608
0.9989362848647777 -0.9099843537058524 -0.9072599423328445 0.9051636782779718 1.0 -0.906240670693491 0.6892040392618128
-0.9105809768217877 0.9997541582744344 0.9999520409405347 -0.9994676277116176 -0.906240670693491 1.0 -0.9307038741422559
0.697667626639886 -0.9269914227669147 -0.9297534924836971 0.9300136043084608 0.6892040392618128 -0.9307038741422559 1.0