1.0 -0.8985387448374491 -0.8956517015530555 0.8888254398924023 0.9993441107500542 -0.8956341237786319 0.5951387331790916
-0.8985387448374491 1.0 0.9997909066158077 -0.9981658755132303 -0.898121436223157 0.9997561039446075 -0.8865411217616971
-0.8956517015530555 0.9997909066158077 1.0 -0.9989572929450536 -0.8953033662615343 0.9999881448681628 -0.889500213418365
0.8888254398924023 -0.9981658755132303 -0.9989572929450536 1.0 0.8892588238117951 -0.998991594485296 0.8925391773324686
0.9993441107500542 -0.898121436223157 -0.8953033662615343 0.8892588238117951 1.0 -0.8952979904427096 0.5934337525706557
-0.8956341237786319 0.9997561039446075 0.9999881448681628 -0.998991594485296 -0.8952979904427096 1.0 -0.8895073827612119
0.5951387331790916 -0.8865411217616971 -0.889500213418365 0.8925391773324686 0.5934337525706557 -0.8895073827612119 1.0