1.0 -0.9176566151055706 -0.9164695093459081 0.9173329560901448 0.9989139600726231 -0.9164695093459081 0.6763782277468189
-0.9176566151055706 1.0 0.999961390671967 -0.9996667977350161 -0.9105917376779276 0.999961390671967 -0.9126013577538051
-0.9164695093459081 0.999961390671967 1.0 -0.999678628701134 -0.9092622965591076 1.0 -0.9139519474281055
0.9173329560901448 -0.9996667977350161 -0.999678628701134 1.0 0.91063755335332 -0.999678628701134 0.911556221428422
0.9989139600726231 -0.9105917376779276 -0.9092622965591076 0.91063755335332 1.0 -0.9092622965591076 0.66246335399903
-0.9164695093459081 0.999961390671967 1.0 -0.999678628701134 -0.9092622965591076 1.0 -0.9139519474281055
0.6763782277468189 -0.9126013577538051 -0.9139519474281055 0.911556221428422 0.66246335399903 -0.9139519474281055 1.0