1.0 -0.899767638734083 -0.8982734537314122 0.8985310057100377 0.9990841642120184 -0.8982734537314122 0.6954702483232922
-0.899767638734083 1.0 0.9998731593712403 -0.9987931466873112 -0.8984943795885076 0.9998731593712403 -0.9387957669117764
-0.8982734537314122 0.9998731593712403 1.0 -0.9992348311588912 -0.8972835495652707 1.0 -0.9398289174177507
0.8985310057100377 -0.9987931466873112 -0.9992348311588912 1.0 0.8984552094951311 -0.9992348311588912 0.9367848566638971
0.9990841642120184 -0.8984943795885076 -0.8972835495652707 0.8984552094951311 1.0 -0.8972835495652707 0.6929869718925245
-0.8982734537314122 0.9998731593712403 1.0 -0.9992348311588912 -0.8972835495652707 1.0 -0.9398289174177507
0.6954702483232922 -0.9387957669117764 -0.9398289174177507 0.9367848566638971 0.6929869718925245 -0.9398289174177507 1.0