1.0 -0.8924404158333737 -0.8902485777037569 0.8898748305600314 0.9989409722028438 -0.8898882679828899 0.6157971920716396
-0.8924404158333737 1.0 0.9998531551907676 -0.9988243165149387 -0.8867064902572344 0.9997799958526369 -0.9041742238777987
-0.8902485777037569 0.9998531551907676 1.0 -0.9992397310310508 -0.8845488754618708 0.9999700097896501 -0.906318432356717
0.8898748305600314 -0.9988243165149387 -0.9992397310310508 1.0 0.8848134899672221 -0.9992965693717397 0.9040121718336595
0.9989409722028438 -0.8867064902572344 -0.8845488754618708 0.8848134899672221 1.0 -0.8841415244670144 0.6051205901415729
-0.8898882679828899 0.9997799958526369 0.9999700097896501 -0.9992965693717397 -0.8841415244670144 1.0 -0.9067024502562014
0.6157971920716396 -0.9041742238777987 -0.906318432356717 0.9040121718336595 0.6051205901415729 -0.9067024502562014 1.0