1.0 -0.8852977774421196 -0.8852497007572447 0.885826343506528 0.9990792870257936 -0.8851069312301304 0.5450644850927715
-0.8852977774421196 1.0 0.9999962625740662 -0.9991855253533006 -0.8754423466126062 0.999956648789053 -0.8716345729409205
-0.8852497007572447 0.9999962625740662 1.0 -0.9992079850929049 -0.8753898186495616 0.9999783687932875 -0.871711863113802
0.885826343506528 -0.9991855253533006 -0.9992079850929049 1.0 0.8766070902077222 -0.9992314195158152 0.8680619549828644
0.9990792870257936 -0.8754423466126062 -0.8753898186495616 0.8766070902077222 1.0 -0.8752366423543376 0.5267889606208006
-0.8851069312301304 0.999956648789053 0.9999783687932875 -0.9992314195158152 -0.8752366423543376 1.0 -0.8718711106061738
0.5450644850927715 -0.8716345729409205 -0.871711863113802 0.8680619549828644 0.5267889606208006 -0.8718711106061738 1.0