1.0 -0.9396132429341317 -0.9390816571693326 0.9385823933546055 0.9991055438682577 -0.9390816571693326 0.7390937354742604
-0.9396132429341317 1.0 0.9999835959054703 -0.9995423037392814 -0.9352640421171948 0.9999835959054703 -0.9242461894789885
-0.9390816571693326 0.9999835959054703 1.0 -0.9995731843266484 -0.9347140095511993 1.0 -0.9248525995819956
0.9385823933546055 -0.9995423037392814 -0.9995731843266484 1.0 0.9349464687416686 -0.9995731843266484 0.9231915204709672
0.9991055438682577 -0.9352640421171948 -0.9347140095511993 0.9349464687416686 1.0 -0.9347140095511993 0.7296637663794242
-0.9390816571693326 0.9999835959054703 1.0 -0.9995731843266484 -0.9347140095511993 1.0 -0.9248525995819956
0.7390937354742604 -0.9242461894789885 -0.9248525995819956 0.9231915204709672 0.7296637663794242 -0.9248525995819956 1.0