1.0 -0.9414165175293399 -0.938227146683289 0.9356964677171375 0.9991745879574438 -0.9380224586128578 0.7336416439374854
-0.9414165175293399 1.0 0.9997200813907446 -0.9983771762416801 -0.9404334229405658 0.9996969488623889 -0.919156469523603
-0.938227146683289 0.9997200813907446 1.0 -0.9992005496437585 -0.9373329042506495 0.9999817145558213 -0.9228377971698812
0.9356964677171375 -0.9983771762416801 -0.9992005496437585 1.0 0.9348609645970933 -0.9992197855002855 0.9229495923530397
0.9991745879574438 -0.9404334229405658 -0.9373329042506495 0.9348609645970933 1.0 -0.9370876295724484 0.7313385136784689
-0.9380224586128578 0.9996969488623889 0.9999817145558213 -0.9992197855002855 -0.9370876295724484 1.0 -0.9231353196191573
0.7336416439374854 -0.919156469523603 -0.9228377971698812 0.9229495923530397 0.7313385136784689 -0.9231353196191573 1.0