1.0 -0.8586266553234714 -0.8559282092604817 0.8619317304803443 0.999383277061706 -0.8559282092604817 0.5579703279706909
-0.8586266553234714 1.0 0.9998795170692742 -0.9992488874870863 -0.8580439628501615 0.9998795170692742 -0.9040994574274839
-0.8559282092604817 0.9998795170692742 1.0 -0.9994137873780018 -0.855389849026293 1.0 -0.9063173364847874
0.8619317304803443 -0.9992488874870863 -0.9994137873780018 1.0 0.8613667460204315 -0.9994137873780018 0.8996269486680045
0.999383277061706 -0.8580439628501615 -0.855389849026293 0.8613667460204315 1.0 -0.855389849026293 0.556949368967897
-0.8559282092604817 0.9998795170692742 1.0 -0.9994137873780018 -0.855389849026293 1.0 -0.9063173364847874
0.5579703279706909 -0.9040994574274839 -0.9063173364847874 0.8996269486680045 0.556949368967897 -0.9063173364847874 1.0