1.0 -0.89176319535856 -0.8919427142880019 0.894705143041046 0.9990300898674258 -0.8920646463314837 0.5506138045688777
-0.89176319535856 1.0 0.9999823953799084 -0.9992558088496954 -0.87908940891896 0.9998513580725876 -0.8679305798973397
-0.8919427142880019 0.9999823953799084 1.0 -0.9993592688740963 -0.8792375390829675 0.9999278947645084 -0.8678663623837789
0.894705143041046 -0.9992558088496954 -0.9993592688740963 1.0 0.8822666524035938 -0.9994571264939766 0.8629153933314662
0.9990300898674258 -0.87908940891896 -0.8792375390829675 0.8822666524035938 1.0 -0.8792287153305247 0.5269440011331197
-0.8920646463314837 0.9998513580725876 0.9999278947645084 -0.9994571264939766 -0.8792287153305247 1.0 -0.867910954422673
0.5506138045688777 -0.8679305798973397 -0.8678663623837789 0.8629153933314662 0.5269440011331197 -0.867910954422673 1.0