1.0 -0.8816267813049 -0.8803644035235451 0.8817888611872259 0.9982905841886354 -0.8803644035235451 0.6372365061817825
-0.8816267813049 1.0 0.9999602527479989 -0.9993395057060258 -0.8688904053520824 0.9999602527479989 -0.9249250745585623
-0.8803644035235451 0.9999602527479989 1.0 -0.9994353456294227 -0.867554376981944 1.0 -0.9259501012614626
0.8817888611872259 -0.9993395057060258 -0.9994353456294227 1.0 0.870071298677706 -0.9994353456294227 0.9226410537062278
0.9982905841886354 -0.8688904053520824 -0.867554376981944 0.870071298677706 1.0 -0.867554376981944 0.6158911915320492
-0.8803644035235451 0.9999602527479989 1.0 -0.9994353456294227 -0.867554376981944 1.0 -0.9259501012614626
0.6372365061817825 -0.9249250745585623 -0.9259501012614626 0.9226410537062278 0.6158911915320492 -0.9259501012614626 1.0