1.0 -0.8833848378006975 -0.8813592855693805 0.8842247049018547 0.9989317216344897 -0.8806151817239334 0.6702100585851604
-0.8833848378006975 1.0 0.99986067620856 -0.9987881869574415 -0.8796609498170912 0.9998282683287135 -0.9392313238240219
-0.8813592855693805 0.99986067620856 1.0 -0.9991466733205618 -0.8778303444573019 0.9999783999049511 -0.9406008773520157
0.8842247049018547 -0.9987881869574415 -0.9991466733205618 1.0 0.8818671467428775 -0.9991676123797086 0.9357422170564479
0.9989317216344897 -0.8796609498170912 -0.8778303444573019 0.8818671467428775 1.0 -0.8770311392624323 0.6635319085298972
-0.8806151817239334 0.9998282683287135 0.9999783999049511 -0.9991676123797086 -0.8770311392624323 1.0 -0.9411905170866567
0.6702100585851604 -0.9392313238240219 -0.9406008773520157 0.9357422170564479 0.6635319085298972 -0.9411905170866567 1.0