1.0 -0.93296730330373 -0.9329807305814043 0.9318051093176181 0.9988548130179203 -0.9329487824607524 0.6778832790045134
-0.93296730330373 1.0 0.9999928399316035 -0.9993945486899147 -0.9340630221848196 0.9999733614164004 -0.8963191640890974
-0.9329807305814043 0.9999928399316035 1.0 -0.9994401876576526 -0.9340533031487012 0.9999892696892878 -0.896327349703442
0.9318051093176181 -0.9993945486899147 -0.9994401876576526 1.0 0.932914969861039 -0.9994762415571249 0.8955577032678156
0.9988548130179203 -0.9340630221848196 -0.9340533031487012 0.932914969861039 1.0 -0.9339829152787041 0.6795756979361431
-0.9329487824607524 0.9999733614164004 0.9999892696892878 -0.9994762415571249 -0.9339829152787041 1.0 -0.8964006451756926
0.6778832790045134 -0.8963191640890974 -0.896327349703442 0.8955577032678156 0.6795756979361431 -0.8964006451756926 1.0