1.0 -0.8506558885613345 -0.8490577453317356 0.8470653373352914 0.9991942329379304 -0.8480586522186536 0.4627471885367449
-0.8506558885613345 1.0 0.999900406804557 -0.9989899691307733 -0.8506190635518633 0.9997443755227755 -0.8584349048413575
-0.8490577453317356 0.999900406804557 1.0 -0.9993357935495893 -0.8489316017786724 0.9999564038250391 -0.8603217867863708
0.8470653373352914 -0.9989899691307733 -0.9993357935495893 1.0 0.8474200609175122 -0.9994246144639086 0.86005663835965
0.9991942329379304 -0.8506190635518633 -0.8489316017786724 0.8474200609175122 1.0 -0.847827056698666 0.46148655072737665
-0.8480586522186536 0.9997443755227755 0.9999564038250391 -0.9994246144639086 -0.847827056698666 1.0 -0.8614278139002055
0.4627471885367449 -0.8584349048413575 -0.8603217867863708 0.86005663835965 0.46148655072737665 -0.8614278139002055 1.0