1.0 -0.9159438540175354 -0.9126793487233903 0.9078468555842685 0.9987947740585471 -0.9126793487233903 0.7270155899634213
-0.9159438540175354 1.0 0.9998525255251483 -0.9986738247216995 -0.9134174328438375 0.9998525255251483 -0.940751203710308
-0.9126793487233903 0.9998525255251483 1.0 -0.9992224947453684 -0.9102313366760072 1.0 -0.9433968529332086
0.9078468555842685 -0.9986738247216995 -0.9992224947453684 1.0 0.9066843922132857 -0.9992224947453684 0.9442511650924438
0.9987947740585471 -0.9134174328438375 -0.9102313366760072 0.9066843922132857 1.0 -0.9102313366760072 0.7216914510034618
-0.9126793487233903 0.9998525255251483 1.0 -0.9992224947453684 -0.9102313366760072 1.0 -0.9433968529332086
0.7270155899634213 -0.940751203710308 -0.9433968529332086 0.9442511650924438 0.7216914510034618 -0.9433968529332086 1.0