1.0 -0.9421801526474004 -0.94206685124451 0.9426206452175392 0.9987172391954107 -0.9417786319100017 0.7633287732875519
-0.9421801526474004 1.0 0.999997998511488 -0.9995336278154792 -0.9437617934685769 0.9999767629903508 -0.9346440027946684
-0.94206685124451 0.999997998511488 1.0 -0.999542533274902 -0.9436332842984723 0.999988400906245 -0.934799935671962
0.9426206452175392 -0.9995336278154792 -0.999542533274902 1.0 0.9449583741660129 -0.9995475617822207 0.9318868147363738
0.9987172391954107 -0.9437617934685769 -0.9436332842984723 0.9449583741660129 1.0 -0.9433084292335198 0.7649489215693759
-0.9417786319100017 0.9999767629903508 0.999988400906245 -0.9995475617822207 -0.9433084292335198 1.0 -0.9351599696222656
0.7633287732875519 -0.9346440027946684 -0.934799935671962 0.9318868147363738 0.7649489215693759 -0.9351599696222656 1.0