1.0 -0.9323186064188745 -0.9300572005141378 0.9222849724360044 0.9989758773379254 -0.9293785354587005 0.761507708680024
-0.9323186064188745 1.0 0.9998865963694602 -0.998897708482319 -0.927852853631227 0.9997861809388562 -0.9436680492489259
-0.9300572005141378 0.9998865963694602 1.0 -0.9993395132494148 -0.925635747262813 0.9999395122885852 -0.9458434548886729
0.9222849724360044 -0.998897708482319 -0.9993395132494148 1.0 0.918072650398793 -0.9994569900430856 0.9509677604157433
0.9989758773379254 -0.927852853631227 -0.925635747262813 0.918072650398793 1.0 -0.9249141432789988 0.7531494809943986
-0.9293785354587005 0.9997861809388562 0.9999395122885852 -0.9994569900430856 -0.9249141432789988 1.0 -0.9464973734688091
0.761507708680024 -0.9436680492489259 -0.9458434548886729 0.9509677604157433 0.7531494809943986 -0.9464973734688091 1.0