1.0 -0.9132151843361682 -0.9109352988521547 0.9063620382655823 0.9988145253457911 -0.9097233643901 0.7054325103877228
-0.9132151843361682 1.0 0.9997809579096488 -0.9983218735489428 -0.9027873332939778 0.9994832278098525 -0.9318161229098031
-0.9109352988521547 0.9997809579096488 1.0 -0.9991498367516484 -0.9000970204286055 0.9999297499646159 -0.9344566206748629
0.9063620382655823 -0.9983218735489428 -0.9991498367516484 1.0 0.8954630893618158 -0.9993893129932486 0.9363369857368282
0.9988145253457911 -0.9027873332939778 -0.9000970204286055 0.8954630893618158 1.0 -0.8986846820367438 0.6865243785905046
-0.9097233643901 0.9994832278098525 0.9999297499646159 -0.9993893129932486 -0.8986846820367438 1.0 -0.9355767974842177
0.7054325103877228 -0.9318161229098031 -0.9344566206748629 0.9363369857368282 0.6865243785905046 -0.9355767974842177 1.0