1.0 -0.9417785877307088 -0.9373708652004036 0.9296186324096228 0.9990637329346563 -0.9347185211379966 0.7052188408236183
-0.9417785877307088 1.0 0.999707736454802 -0.9981584798977194 -0.9350176984157502 0.9992426477496045 -0.9009960650786732
-0.9373708652004036 0.999707736454802 1.0 -0.9992155909553067 -0.930482881245825 0.9998679061815687 -0.9071837698822673
0.9296186324096228 -0.9981584798977194 -0.9992155909553067 1.0 0.9229542454312389 -0.9995370096519519 0.914462094704638
0.9990637329346563 -0.9350176984157502 -0.930482881245825 0.9229542454312389 1.0 -0.9277006267325869 0.690621878705682
-0.9347185211379966 0.9992426477496045 0.9998679061815687 -0.9995370096519519 -0.9277006267325869 1.0 -0.9105451728850164
0.7052188408236183 -0.9009960650786732 -0.9071837698822673 0.914462094704638 0.690621878705682 -0.9105451728850164 1.0