1.0 -0.9507161539143925 -0.9501488734804041 0.9500569386391794 0.999113658597632 -0.9499349997468338 0.7837687302249665
-0.9507161539143925 1.0 0.9998253255768768 -0.9989365457812234 -0.9480576127801117 0.9997344961043404 -0.9367353960082747
-0.9501488734804041 0.9998253255768768 1.0 -0.9993847761604806 -0.9477670576100041 0.9999668066278622 -0.9373381048023454
0.9500569386391794 -0.9989365457812234 -0.9993847761604806 1.0 0.9488122232551098 -0.9993824502962452 0.9344367399732373
0.999113658597632 -0.9480576127801117 -0.9477670576100041 0.9488122232551098 1.0 -0.9474964661057276 0.7776767179703957
-0.9499349997468338 0.9997344961043404 0.9999668066278622 -0.9993824502962452 -0.9474964661057276 1.0 -0.937688121246469
0.7837687302249665 -0.9367353960082747 -0.9373381048023454 0.9344367399732373 0.7776767179703957 -0.937688121246469 1.0