1.0 -0.8335815100647266 -0.8305255658110636 0.824825756403547 0.9986888715034162 -0.8296415349616356 0.5712905143069277
-0.8335815100647266 1.0 0.9998283929312622 -0.9985144236394916 -0.8164128555067939 0.9997191962915868 -0.9289473203937858
-0.8305255658110636 0.9998283929312622 1.0 -0.9991907141594701 -0.8132847808003141 0.9999624332971807 -0.9310964141746108
0.824825756403547 -0.9985144236394916 -0.9991907141594701 1.0 0.807778442940733 -0.9993081230503273 0.9328262004218583
0.9986888715034162 -0.8164128555067939 -0.8132847808003141 0.807778442940733 1.0 -0.8122985364403867 0.5455185020242551
-0.8296415349616356 0.9997191962915868 0.9999624332971807 -0.9993081230503273 -0.8122985364403867 1.0 -0.9317383134801539
0.5712905143069277 -0.9289473203937858 -0.9310964141746108 0.9328262004218583 0.5455185020242551 -0.9317383134801539 1.0