1.0 -0.8841280141654506 -0.879749674235749 0.873716697025751 0.9984644354294856 -0.8771966016912411 0.6787447705383758
-0.8841280141654506 1.0 0.9997486809819031 -0.9977375729220168 -0.8673994179882578 0.99934004496581 -0.9422702849741994
-0.879749674235749 0.9997486809819031 1.0 -0.9987688981726148 -0.8630174566478201 0.9998423134079479 -0.9455798645206124
0.873716697025751 -0.9977375729220168 -0.9987688981726148 1.0 0.8574701957854787 -0.9991738805428665 0.9470399484115994
0.9984644354294856 -0.8673994179882578 -0.8630174566478201 0.8574701957854787 1.0 -0.8603288174093696 0.6525593824115654
-0.8771966016912411 0.99934004496581 0.9998423134079479 -0.9991738805428665 -0.8603288174093696 1.0 -0.9474180778016407
0.6787447705383758 -0.9422702849741994 -0.9455798645206124 0.9470399484115994 0.6525593824115654 -0.9474180778016407 1.0