1.0 -0.9301672831859376 -0.9289879743658247 0.9294279316411157 0.9985924396909791 -0.9287259688743137 0.678860120449126
-0.9301672831859376 1.0 0.9999117399694712 -0.9991493369265241 -0.9224500191402701 0.9998765956739907 -0.9002729569640213
-0.9289879743658247 0.9999117399694712 1.0 -0.9993876982747417 -0.9215566368025455 0.9999775710038328 -0.901474176765573
0.9294279316411157 -0.9991493369265241 -0.9993876982747417 1.0 0.9226225757239338 -0.9994344531757404 0.898396991430364
0.9985924396909791 -0.9224500191402701 -0.9215566368025455 0.9226225757239338 1.0 -0.9212219698108519 0.6632156018888015
-0.9287259688743137 0.9998765956739907 0.9999775710038328 -0.9994344531757404 -0.9212219698108519 1.0 -0.9018478116884656
0.678860120449126 -0.9002729569640213 -0.901474176765573 0.898396991430364 0.6632156018888015 -0.9018478116884656 1.0