1.0 -0.9991059949283544 -0.9991059949283544 0.9990304549081818 0.9999944206475063 -0.9991059949283544 0.9985346323279504
-0.9991059949283544 1.0 1.0 -0.9999978830690835 -0.9990414732810549 1.0 -0.9999295126912509
-0.9991059949283544 1.0 1.0 -0.9999978830690835 -0.9990414732810549 1.0 -0.9999295126912509
0.9990304549081818 -0.9999978830690835 -0.9999978830690835 1.0 0.9989660526053938 -0.9999978830690835 0.9999472091843091
0.9999944206475063 -0.9990414732810549 -0.9990414732810549 0.9989660526053938 1.0 -0.9990414732810549 0.9984517280849728
-0.9991059949283544 1.0 1.0 -0.9999978830690835 -0.9990414732810549 1.0 -0.9999295126912509
0.9985346323279504 -0.9999295126912509 -0.9999295126912509 0.9999472091843091 0.9984517280849728 -0.9999295126912509 1.0