1.0 -0.998710807376408 -0.998710807376408 0.9986201451140144 0.9999942826022351 -0.998710807376408 0.9978737350236189
-0.998710807376408 1.0 1.0 -0.9999977716344328 -0.998555322200456 1.0 -0.9998955968356638
-0.998710807376408 1.0 1.0 -0.9999977716344328 -0.998555322200456 1.0 -0.9998955968356638
0.9986201451140144 -0.9999977716344328 -0.9999977716344328 1.0 0.9984614301752442 -0.9999977716344328 0.9999177797570894
0.9999942826022351 -0.998555322200456 -0.998555322200456 0.9984614301752442 1.0 -0.998555322200456 0.9976747705569208
-0.998710807376408 1.0 1.0 -0.9999977716344328 -0.998555322200456 1.0 -0.9998955968356638
0.9978737350236189 -0.9998955968356638 -0.9998955968356638 0.9999177797570894 0.9976747705569208 -0.9998955968356638 1.0