1.0 -0.9995011815903048 -0.9995011815903048 0.9994410154539755 0.9999969059438977 -0.9995011815903048 0.9991959102239351
-0.9995011815903048 1.0 1.0 -0.9999980067944604 -0.999528942967586 1.0 -0.9999635099862438
-0.9995011815903048 1.0 1.0 -0.9999980067944604 -0.999528942967586 1.0 -0.9999635099862438
0.9994410154539755 -0.9999980067944604 -0.9999980067944604 1.0 0.9994719789926431 -0.9999980067944604 0.9999766804852592
0.9999969059438977 -0.999528942967586 -0.999528942967586 0.9994719789926431 1.0 -0.999528942967586 0.9992305244788362
-0.9995011815903048 1.0 1.0 -0.9999980067944604 -0.999528942967586 1.0 -0.9999635099862438
0.9991959102239351 -0.9999635099862438 -0.9999635099862438 0.9999766804852592 0.9992305244788362 -0.9999635099862438 1.0