1.0 -0.987692839924009 -0.987692839924009 0.9875620724420633 0.9968284334716099 -0.987692839924009 0.9849993043112117
-0.987692839924009 1.0 1.0 -0.9997766038771855 -0.9890068123391031 1.0 -0.9998259904727406
-0.987692839924009 1.0 1.0 -0.9997766038771855 -0.9890068123391031 1.0 -0.9998259904727406
0.9875620724420633 -0.9997766038771855 -0.9997766038771855 1.0 0.9902990303342518 -0.9997766038771855 0.9993993839481006
0.9968284334716099 -0.9890068123391031 -0.9890068123391031 0.9902990303342518 1.0 -0.9890068123391031 0.9861016541384797
-0.987692839924009 1.0 1.0 -0.9997766038771855 -0.9890068123391031 1.0 -0.9998259904727406
0.9849993043112117 -0.9998259904727406 -0.9998259904727406 0.9993993839481006 0.9861016541384797 -0.9998259904727406 1.0