1.0 -0.9346624452134842 -0.9346624452134842 0.9340561561590689 0.9971751461003674 -0.9346624452134842 0.9127642155081347
-0.9346624452134842 1.0 1.0 -0.999697215430182 -0.9452581211347056 1.0 -0.9982827549402112
-0.9346624452134842 1.0 1.0 -0.999697215430182 -0.9452581211347056 1.0 -0.9982827549402112
0.9340561561590689 -0.999697215430182 -0.999697215430182 1.0 0.9461266152431702 -0.999697215430182 0.997719292475961
0.9971751461003674 -0.9452581211347056 -0.9452581211347056 0.9461266152431702 1.0 -0.9452581211347056 0.9245538763655834
-0.9346624452134842 1.0 1.0 -0.999697215430182 -0.9452581211347056 1.0 -0.9982827549402112
0.9127642155081347 -0.9982827549402112 -0.9982827549402112 0.997719292475961 0.9245538763655834 -0.9982827549402112 1.0