1.0 -0.9937188503786956 -0.9937188503786956 0.9933308885868285 0.9978482522858398 -0.9937188503786956 0.9909346599323208
-0.9937188503786956 1.0 1.0 -0.999611699576647 -0.9942326189193476 1.0 -0.9996259474286965
-0.9937188503786956 1.0 1.0 -0.999611699576647 -0.9942326189193476 1.0 -0.9996259474286965
0.9933308885868285 -0.999611699576647 -0.999611699576647 1.0 0.9954254185053156 -0.999611699576647 0.9987796771187748
0.9978482522858398 -0.9942326189193476 -0.9942326189193476 0.9954254185053156 1.0 -0.9942326189193476 0.9909561570338804
-0.9937188503786956 1.0 1.0 -0.999611699576647 -0.9942326189193476 1.0 -0.9996259474286965
0.9909346599323208 -0.9996259474286965 -0.9996259474286965 0.9987796771187748 0.9909561570338804 -0.9996259474286965 1.0