1.0 -0.999868267962434 -0.999868267962434 0.9998631834302205 0.999989216345816 -0.999868267962434 0.9996529886943343
-0.999868267962434 1.0 1.0 -0.9999974669188428 -0.9998673655874524 1.0 -0.9999470873670853
-0.999868267962434 1.0 1.0 -0.9999974669188428 -0.9998673655874524 1.0 -0.9999470873670853
0.9998631834302205 -0.9999974669188428 -0.9999974669188428 1.0 0.9998710483667399 -0.9999974669188428 0.9999411270928397
0.999989216345816 -0.9998673655874524 -0.9998673655874524 0.9998710483667399 1.0 -0.9998673655874524 0.9996476853728375
-0.999868267962434 1.0 1.0 -0.9999974669188428 -0.9998673655874524 1.0 -0.9999470873670853
0.9996529886943343 -0.9999470873670853 -0.9999470873670853 0.9999411270928397 0.9996476853728375 -0.9999470873670853 1.0