1.0 -0.9998926444874215 -0.9998926444874215 0.9998832822632394 0.999991111306784 -0.9998926444874215 0.9997149703017943
-0.9998926444874215 1.0 1.0 -0.9999972428132087 -0.9998946240004547 1.0 -0.9999555722562391
-0.9998926444874215 1.0 1.0 -0.9999972428132087 -0.9998946240004547 1.0 -0.9999555722562391
0.9998832822632394 -0.9999972428132087 -0.9999972428132087 1.0 0.9998933134054113 -0.9999972428132087 0.9999517346981363
0.999991111306784 -0.9998946240004547 -0.9998946240004547 0.9998933134054113 1.0 -0.9998946240004547 0.9997140571536625
-0.9998926444874215 1.0 1.0 -0.9999972428132087 -0.9998946240004547 1.0 -0.9999555722562391
0.9997149703017943 -0.9999555722562391 -0.9999555722562391 0.9999517346981363 0.9997140571536625 -0.9999555722562391 1.0