1.0 -0.9997993433456954 -0.9997993433456954 0.999798323384497 0.9999877078306442 -0.9997993433456954 0.9994863545312258
-0.9997993433456954 1.0 1.0 -0.9999971480904677 -0.9998257443479357 1.0 -0.9999257802661113
-0.9997993433456954 1.0 1.0 -0.9999971480904677 -0.9998257443479357 1.0 -0.9999257802661113
0.999798323384497 -0.9999971480904677 -0.9999971480904677 1.0 0.9998320498081332 -0.9999971480904677 0.9999170460851905
0.9999877078306442 -0.9998257443479357 -0.9998257443479357 0.9998320498081332 1.0 -0.9998257443479357 0.9995248668776797
-0.9997993433456954 1.0 1.0 -0.9999971480904677 -0.9998257443479357 1.0 -0.9999257802661113
0.9994863545312258 -0.9999257802661113 -0.9999257802661113 0.9999170460851905 0.9995248668776797 -0.9999257802661113 1.0