1.0 -0.9992706962292153 -0.9992706962292153 0.9991756254033807 0.9999838039490844 -0.9992706962292153 0.9987804899622387
-0.9992706962292153 1.0 1.0 -0.9999928945039979 -0.9991701996550238 1.0 -0.9999366477071054
-0.9992706962292153 1.0 1.0 -0.9999928945039979 -0.9991701996550238 1.0 -0.9999366477071054
0.9991756254033807 -0.9999928945039979 -0.9999928945039979 1.0 0.9990850168447972 -0.9999928945039979 0.9999515753277102
0.9999838039490844 -0.9991701996550238 -0.9991701996550238 0.9990850168447972 1.0 -0.9991701996550238 0.9986486471577135
-0.9992706962292153 1.0 1.0 -0.9999928945039979 -0.9991701996550238 1.0 -0.9999366477071054
0.9987804899622387 -0.9999366477071054 -0.9999366477071054 0.9999515753277102 0.9986486471577135 -0.9999366477071054 1.0