1.0 -0.9998880922271033 -0.9998880922271033 0.9998524379460637 0.9999979187829423 -0.9998880922271033 0.9998284764727076
-0.9998880922271033 1.0 1.0 -0.9999973896949984 -0.9999142081578266 1.0 -0.9999936359995625
-0.9998880922271033 1.0 1.0 -0.9999973896949984 -0.9999142081578266 1.0 -0.9999936359995625
0.9998524379460637 -0.9999973896949984 -0.9999973896949984 1.0 0.9998830535373199 -0.9999973896949984 0.9999987507207214
0.9999979187829423 -0.9999142081578266 -0.9999142081578266 0.9998830535373199 1.0 -0.9999142081578266 0.9998611635425327
-0.9998880922271033 1.0 1.0 -0.9999973896949984 -0.9999142081578266 1.0 -0.9999936359995625
0.9998284764727076 -0.9999936359995625 -0.9999936359995625 0.9999987507207214 0.9998611635425327 -0.9999936359995625 1.0