1.0 -0.9993710079569137 -0.9993710079569137 0.999234455646541 0.9999919775117917 -0.9993710079569137 0.9989628745600954
-0.9993710079569137 1.0 1.0 -0.9999913513050465 -0.9993717084935589 1.0 -0.9999487131422143
-0.9993710079569137 1.0 1.0 -0.9999913513050465 -0.9993717084935589 1.0 -0.9999487131422143
0.999234455646541 -0.9999913513050465 -0.9999913513050465 1.0 0.9992435495174026 -0.9999913513050465 0.99997413919354
0.9999919775117917 -0.9993717084935589 -0.9993717084935589 0.9992435495174026 1.0 -0.9993717084935589 0.9989616537115626
-0.9993710079569137 1.0 1.0 -0.9999913513050465 -0.9993717084935589 1.0 -0.9999487131422143
0.9989628745600954 -0.9999487131422143 -0.9999487131422143 0.99997413919354 0.9989616537115626 -0.9999487131422143 1.0