1.0 -0.9862862056119146 -0.9862311673520657 0.9865770362664995 0.9998646148732029 -0.9862311673520657 0.9352796450597529
-0.9862862056119146 1.0 0.999998234875205 -0.9999403881352492 -0.9856884208651245 0.999998234875205 -0.98073687499799
-0.9862311673520657 0.999998234875205 1.0 -0.9999456021191774 -0.9856369466231995 1.0 -0.9807979483360957
0.9865770362664995 -0.9999403881352492 -0.9999456021191774 1.0 0.9861287354423336 -0.9999456021191774 0.980067206297092
0.9998646148732029 -0.9856884208651245 -0.9856369466231995 0.9861287354423336 1.0 -0.9856369466231995 0.9338000433016383
-0.9862311673520657 0.999998234875205 1.0 -0.9999456021191774 -0.9856369466231995 1.0 -0.9807979483360957
0.9352796450597529 -0.98073687499799 -0.9807979483360957 0.980067206297092 0.9338000433016383 -0.9807979483360957 1.0