1.0 -0.9791877664155667 -0.9791877664155667 0.9793178019851791 0.999842217364611 -0.9791877664155667 0.9213709885852894
-0.9791877664155667 1.0 1.0 -0.9999525283003994 -0.979852903723475 1.0 -0.9809739206357808
-0.9791877664155667 1.0 1.0 -0.9999525283003994 -0.979852903723475 1.0 -0.9809739206357808
0.9793178019851791 -0.9999525283003994 -0.9999525283003994 1.0 0.9801242699571265 -0.9999525283003994 0.9805837984734633
0.999842217364611 -0.979852903723475 -0.979852903723475 0.9801242699571265 1.0 -0.979852903723475 0.922458093016337
-0.9791877664155667 1.0 1.0 -0.9999525283003994 -0.979852903723475 1.0 -0.9809739206357808
0.9213709885852894 -0.9809739206357808 -0.9809739206357808 0.9805837984734633 0.922458093016337 -0.9809739206357808 1.0