1.0 -0.9722708249393943 -0.9722708249393943 0.9713347387701564 0.9997868512460317 -0.9722708249393943 0.8882981953349822
-0.9722708249393943 1.0 1.0 -0.9999371607420661 -0.9736018704085965 1.0 -0.9709584492465403
-0.9722708249393943 1.0 1.0 -0.9999371607420661 -0.9736018704085965 1.0 -0.9709584492465403
0.9713347387701564 -0.9999371607420661 -0.9999371607420661 1.0 0.972842394008669 -0.9999371607420661 0.9716116746540077
0.9997868512460317 -0.9736018704085965 -0.9736018704085965 0.972842394008669 1.0 -0.9736018704085965 0.8907412928566465
-0.9722708249393943 1.0 1.0 -0.9999371607420661 -0.9736018704085965 1.0 -0.9709584492465403
0.8882981953349822 -0.9709584492465403 -0.9709584492465403 0.9716116746540077 0.8907412928566465 -0.9709584492465403 1.0