1.0 -0.982293548714182 -0.982293548714182 0.9811851910913217 0.9997801503015781 -0.982293548714182 0.9332221935201456
-0.982293548714182 1.0 1.0 -0.9999107087257032 -0.982966581250081 1.0 -0.9838315751186576
-0.982293548714182 1.0 1.0 -0.9999107087257032 -0.982966581250081 1.0 -0.9838315751186576
0.9811851910913217 -0.9999107087257032 -0.9999107087257032 1.0 0.982104339876072 -0.9999107087257032 0.9844201320110133
0.9997801503015781 -0.982966581250081 -0.982966581250081 0.982104339876072 1.0 -0.982966581250081 0.9341988833214181
-0.982293548714182 1.0 1.0 -0.9999107087257032 -0.982966581250081 1.0 -0.9838315751186576
0.9332221935201456 -0.9838315751186576 -0.9838315751186576 0.9844201320110133 0.9341988833214181 -0.9838315751186576 1.0