1.0 -0.9806250276697467 -0.9806250276697467 0.9807808834651659 0.9998434583684167 -0.9806250276697467 0.9227449615182581
-0.9806250276697467 1.0 1.0 -0.9999663000786945 -0.9804422402447063 1.0 -0.980258685225407
-0.9806250276697467 1.0 1.0 -0.9999663000786945 -0.9804422402447063 1.0 -0.980258685225407
0.9807808834651659 -0.9999663000786945 -0.9999663000786945 1.0 0.9807087773879458 -0.9999663000786945 0.9799000799658829
0.9998434583684167 -0.9804422402447063 -0.9804422402447063 0.9807087773879458 1.0 -0.9804422402447063 0.9221960037227355
-0.9806250276697467 1.0 1.0 -0.9999663000786945 -0.9804422402447063 1.0 -0.980258685225407
0.9227449615182581 -0.980258685225407 -0.980258685225407 0.9799000799658829 0.9221960037227355 -0.980258685225407 1.0