1.0 -0.9742427171553294 -0.9743271014916847 0.9755122323019152 0.9997414422323915 -0.9743271014916847 0.8850206098086589
-0.9742427171553294 1.0 0.9999956822843392 -0.9998881100826075 -0.9718346864102037 0.9999956822843392 -0.9670525415459278
-0.9743271014916847 0.9999956822843392 1.0 -0.9999121401697452 -0.9719450170988235 1.0 -0.9669374482523374
0.9755122323019152 -0.9998881100826075 -0.9999121401697452 1.0 0.9734111294371102 -0.9999121401697452 0.9651205732572152
0.9997414422323915 -0.9718346864102037 -0.9719450170988235 0.9734111294371102 1.0 -0.9719450170988235 0.8798568356855986
-0.9743271014916847 0.9999956822843392 1.0 -0.9999121401697452 -0.9719450170988235 1.0 -0.9669374482523374
0.8850206098086589 -0.9670525415459278 -0.9669374482523374 0.9651205732572152 0.8798568356855986 -0.9669374482523374 1.0