1.0 -0.9821462840386673 -0.9821462840386673 0.9823810821314374 0.9998717552763873 -0.9821462840386673 0.9335216180917549
-0.9821462840386673 1.0 1.0 -0.9999561975441462 -0.9820382418194717 1.0 -0.9841997049734901
-0.9821462840386673 1.0 1.0 -0.9999561975441462 -0.9820382418194717 1.0 -0.9841997049734901
0.9823810821314374 -0.9999561975441462 -0.9999561975441462 1.0 0.9823812256944168 -0.9999561975441462 0.9837374260866849
0.9998717552763873 -0.9820382418194717 -0.9820382418194717 0.9823812256944168 1.0 -0.9820382418194717 0.9331487524350557
-0.9821462840386673 1.0 1.0 -0.9999561975441462 -0.9820382418194717 1.0 -0.9841997049734901
0.9335216180917549 -0.9841997049734901 -0.9841997049734901 0.9837374260866849 0.9331487524350557 -0.9841997049734901 1.0