1.0 -0.985502540504403 -0.985502540504403 0.985545143685556 0.9997766549541742 -0.985502540504403 0.9525400985978046
-0.985502540504403 1.0 1.0 -0.9999542988935057 -0.9857936384324768 1.0 -0.9902822731460015
-0.985502540504403 1.0 1.0 -0.9999542988935057 -0.9857936384324768 1.0 -0.9902822731460015
0.985545143685556 -0.9999542988935057 -0.9999542988935057 1.0 0.9859849262483836 -0.9999542988935057 0.9900145855062434
0.9997766549541742 -0.9857936384324768 -0.9857936384324768 0.9859849262483836 1.0 -0.9857936384324768 0.9528692674478735
-0.985502540504403 1.0 1.0 -0.9999542988935057 -0.9857936384324768 1.0 -0.9902822731460015
0.9525400985978046 -0.9902822731460015 -0.9902822731460015 0.9900145855062434 0.9528692674478735 -0.9902822731460015 1.0