1.0 -0.9850866740097888 -0.9850866740097888 0.9852597568904652 0.9999125114472536 -0.9850866740097888 0.9403953912839924
-0.9850866740097888 1.0 1.0 -0.9999367299056445 -0.9855296766981383 1.0 -0.984782828403635
-0.9850866740097888 1.0 1.0 -0.9999367299056445 -0.9855296766981383 1.0 -0.984782828403635
0.9852597568904652 -0.9999367299056445 -0.9999367299056445 1.0 0.9858088237889256 -0.9999367299056445 0.9842861663400201
0.9999125114472536 -0.9855296766981383 -0.9855296766981383 0.9858088237889256 1.0 -0.9855296766981383 0.9411151213202742
-0.9850866740097888 1.0 1.0 -0.9999367299056445 -0.9855296766981383 1.0 -0.984782828403635
0.9403953912839924 -0.984782828403635 -0.984782828403635 0.9842861663400201 0.9411151213202742 -0.984782828403635 1.0