1.0 -0.9809676014805856 -0.9809676014805856 0.9814542094018255 0.9998697365511517 -0.9809676014805856 0.9208496793354138
-0.9809676014805856 1.0 1.0 -0.9999627084026331 -0.9806711165837175 1.0 -0.9789508390007264
-0.9809676014805856 1.0 1.0 -0.9999627084026331 -0.9806711165837175 1.0 -0.9789508390007264
0.9814542094018255 -0.9999627084026331 -0.9999627084026331 1.0 0.9812652632990758 -0.9999627084026331 0.9782418210769096
0.9998697365511517 -0.9806711165837175 -0.9806711165837175 0.9812652632990758 1.0 -0.9806711165837175 0.9201080158210705
-0.9809676014805856 1.0 1.0 -0.9999627084026331 -0.9806711165837175 1.0 -0.9789508390007264
0.9208496793354138 -0.9789508390007264 -0.9789508390007264 0.9782418210769096 0.9201080158210705 -0.9789508390007264 1.0