1.0 -0.9699639332983291 -0.9699639332983291 0.9698529318538929 0.9997853460357291 -0.9699639332983291 0.8972888328147657
-0.9699639332983291 1.0 1.0 -0.999933499853112 -0.9704445844404327 1.0 -0.9776207430944094
-0.9699639332983291 1.0 1.0 -0.999933499853112 -0.9704445844404327 1.0 -0.9776207430944094
0.9698529318538929 -0.999933499853112 -0.999933499853112 1.0 0.9705293559171067 -0.999933499853112 0.9774007921166405
0.9997853460357291 -0.9704445844404327 -0.9704445844404327 0.9705293559171067 1.0 -0.9704445844404327 0.8979749704610541
-0.9699639332983291 1.0 1.0 -0.999933499853112 -0.9704445844404327 1.0 -0.9776207430944094
0.8972888328147657 -0.9776207430944094 -0.9776207430944094 0.9774007921166405 0.8979749704610541 -0.9776207430944094 1.0