1.0 -0.9760123991314867 -0.9757397459506042 0.9757490091693712 0.9998592914820922 -0.9757397459506042 0.8897959737672917
-0.9760123991314867 1.0 0.9999909196225897 -0.99988498032436 -0.9764729001536041 0.9999909196225897 -0.9677184753322974
-0.9757397459506042 0.9999909196225897 1.0 -0.999929277021687 -0.9762406577169569 1.0 -0.9680030423773746
0.9757490091693712 -0.99988498032436 -0.999929277021687 1.0 0.9764044301392132 -0.999929277021687 0.967623522482808
0.9998592914820922 -0.9764729001536041 -0.9762406577169569 0.9764044301392132 1.0 -0.9762406577169569 0.8906466122393456
-0.9757397459506042 0.9999909196225897 1.0 -0.999929277021687 -0.9762406577169569 1.0 -0.9680030423773746
0.8897959737672917 -0.9677184753322974 -0.9680030423773746 0.967623522482808 0.8906466122393456 -0.9680030423773746 1.0