1.0 -0.9892027695090798 -0.9892350213032487 0.989514462951212 0.9998595470671235 -0.9892350213032487 0.9498076276247812
-0.9892027695090798 1.0 0.9999982352183 -0.9999594320617061 -0.9886831894010869 0.9999982352183 -0.9853146593520862
-0.9892350213032487 0.9999982352183 1.0 -0.9999673363774211 -0.9887266691194211 1.0 -0.9852695811682753
0.989514462951212 -0.9999594320617061 -0.9999673363774211 1.0 0.989104920606796 -0.9999673363774211 0.9847431443550302
0.9998595470671235 -0.9886831894010869 -0.9887266691194211 0.989104920606796 1.0 -0.9887266691194211 0.9485761818354832
-0.9892350213032487 0.9999982352183 1.0 -0.9999673363774211 -0.9887266691194211 1.0 -0.9852695811682753
0.9498076276247812 -0.9853146593520862 -0.9852695811682753 0.9847431443550302 0.9485761818354832 -0.9852695811682753 1.0