1.0 -0.9846956927604456 -0.9846956927604456 0.9848085672682522 0.9998279603775053 -0.9846956927604456 0.9386175452559966
-0.9846956927604456 1.0 1.0 -0.999963754478403 -0.9845690691495419 1.0 -0.9842621067008226
-0.9846956927604456 1.0 1.0 -0.999963754478403 -0.9845690691495419 1.0 -0.9842621067008226
0.9848085672682522 -0.999963754478403 -0.999963754478403 1.0 0.9848103792260039 -0.999963754478403 0.983927588243561
0.9998279603775053 -0.9845690691495419 -0.9845690691495419 0.9848103792260039 1.0 -0.9845690691495419 0.9381647615106014
-0.9846956927604456 1.0 1.0 -0.999963754478403 -0.9845690691495419 1.0 -0.9842621067008226
0.9386175452559966 -0.9842621067008226 -0.9842621067008226 0.983927588243561 0.9381647615106014 -0.9842621067008226 1.0