1.0 -0.9708351853558754 -0.9708351853558754 0.9709524424889642 0.9998583751597186 -0.9708351853558754 0.8893065074541904
-0.9708351853558754 1.0 1.0 -0.9999247991037762 -0.9709387545752528 1.0 -0.9728978240462939
-0.9708351853558754 1.0 1.0 -0.9999247991037762 -0.9709387545752528 1.0 -0.9728978240462939
0.9709524424889642 -0.9999247991037762 -0.9999247991037762 1.0 0.9712412816114719 -0.9999247991037762 0.9724083865449835
0.9998583751597186 -0.9709387545752528 -0.9709387545752528 0.9712412816114719 1.0 -0.9709387545752528 0.8893014874737911
-0.9708351853558754 1.0 1.0 -0.9999247991037762 -0.9709387545752528 1.0 -0.9728978240462939
0.8893065074541904 -0.9728978240462939 -0.9728978240462939 0.9724083865449835 0.8893014874737911 -0.9728978240462939 1.0