1.0 -0.9741982145136456 -0.9741982145136456 0.9748426830861643 0.9997931966219665 -0.9741982145136456 0.9087231057708013
-0.9741982145136456 1.0 1.0 -0.9999578012033329 -0.9712498132522767 1.0 -0.979385927727908
-0.9741982145136456 1.0 1.0 -0.9999578012033329 -0.9712498132522767 1.0 -0.979385927727908
0.9748426830861643 -0.9999578012033329 -0.9999578012033329 1.0 0.9720475437591239 -0.9999578012033329 0.9785847067069299
0.9997931966219665 -0.9712498132522767 -0.9712498132522767 0.9720475437591239 1.0 -0.9712498132522767 0.9031674939266354
-0.9741982145136456 1.0 1.0 -0.9999578012033329 -0.9712498132522767 1.0 -0.979385927727908
0.9087231057708013 -0.979385927727908 -0.979385927727908 0.9785847067069299 0.9031674939266354 -0.979385927727908 1.0