1.0 -0.9839552938313347 -0.9839552938313347 0.984092008187833 0.9998409241720453 -0.9839552938313347 0.9396750852861584
-0.9839552938313347 1.0 1.0 -0.9999566035847276 -0.9829133459615971 1.0 -0.9855135143598373
-0.9839552938313347 1.0 1.0 -0.9999566035847276 -0.9829133459615971 1.0 -0.9855135143598373
0.984092008187833 -0.9999566035847276 -0.9999566035847276 1.0 0.9831897117586649 -0.9999566035847276 0.9851216850080708
0.9998409241720453 -0.9829133459615971 -0.9829133459615971 0.9831897117586649 1.0 -0.9829133459615971 0.9374835890137619
-0.9839552938313347 1.0 1.0 -0.9999566035847276 -0.9829133459615971 1.0 -0.9855135143598373
0.9396750852861584 -0.9855135143598373 -0.9855135143598373 0.9851216850080708 0.9374835890137619 -0.9855135143598373 1.0