1.0 -0.9712307868166539 -0.9712307868166539 0.9709775426873569 0.9998893743837658 -0.9712307868166539 0.9009038445811801
-0.9712307868166539 1.0 1.0 -0.9999674207024422 -0.9712409545632863 1.0 -0.9782621471628864
-0.9712307868166539 1.0 1.0 -0.9999674207024422 -0.9712409545632863 1.0 -0.9782621471628864
0.9709775426873569 -0.9999674207024422 -0.9999674207024422 1.0 0.9710575020145021 -0.9999674207024422 0.9783218461061399
0.9998893743837658 -0.9712409545632863 -0.9712409545632863 0.9710575020145021 1.0 -0.9712409545632863 0.9007881346273339
-0.9712307868166539 1.0 1.0 -0.9999674207024422 -0.9712409545632863 1.0 -0.9782621471628864
0.9009038445811801 -0.9782621471628864 -0.9782621471628864 0.9783218461061399 0.9007881346273339 -0.9782621471628864 1.0