1.0 -0.989881902037095 -0.9897061464439489 0.9896200121454569 0.9998379562064684 -0.9897061464439489 0.9567110730333701
-0.989881902037095 1.0 0.9999894295460331 -0.9998802355081129 -0.9902004631994802 0.9999894295460331 -0.9882249639838598
-0.9897061464439489 0.9999894295460331 1.0 -0.9999227599395735 -0.9900700895078722 1.0 -0.9883789489931439
0.9896200121454569 -0.9998802355081129 -0.9999227599395735 1.0 0.990165896435246 -0.9999227599395735 0.9880587559705432
0.9998379562064684 -0.9902004631994802 -0.9900700895078722 0.990165896435246 1.0 -0.9900700895078722 0.9572177009186872
-0.9897061464439489 0.9999894295460331 1.0 -0.9999227599395735 -0.9900700895078722 1.0 -0.9883789489931439
0.9567110730333701 -0.9882249639838598 -0.9883789489931439 0.9880587559705432 0.9572177009186872 -0.9883789489931439 1.0