1.0 -0.9769158305522344 -0.9773023302084749 0.9777776131280386 0.9997885915648694 -0.9773023302084749 0.9103099310791222
-0.9769158305522344 1.0 0.9999880848668521 -0.999920610173838 -0.9769330425029782 0.9999880848668521 -0.9775155638145357
-0.9773023302084749 0.9999880848668521 1.0 -0.999943326222106 -0.9772866749331017 1.0 -0.9771764221788258
0.9777776131280386 -0.999920610173838 -0.999943326222106 1.0 0.9779111117341659 -0.999943326222106 0.9763922726793859
0.9997885915648694 -0.9769330425029782 -0.9772866749331017 0.9779111117341659 1.0 -0.9772866749331017 0.9099893267020184
-0.9773023302084749 0.9999880848668521 1.0 -0.999943326222106 -0.9772866749331017 1.0 -0.9771764221788258
0.9103099310791222 -0.9775155638145357 -0.9771764221788258 0.9763922726793859 0.9099893267020184 -0.9771764221788258 1.0