1.0 -0.9871562060087614 -0.9871562060087614 0.9867198752798486 0.9998083570270796 -0.9871562060087614 0.9507309951374461
-0.9871562060087614 1.0 1.0 -0.9999384401905052 -0.9878309604234236 1.0 -0.9879077005367305
-0.9871562060087614 1.0 1.0 -0.9999384401905052 -0.9878309604234236 1.0 -0.9879077005367305
0.9867198752798486 -0.9999384401905052 -0.9999384401905052 1.0 0.9875928666772403 -0.9999384401905052 0.9879723407590548
0.9998083570270796 -0.9878309604234236 -0.9878309604234236 0.9875928666772403 1.0 -0.9878309604234236 0.951792286546348
-0.9871562060087614 1.0 1.0 -0.9999384401905052 -0.9878309604234236 1.0 -0.9879077005367305
0.9507309951374461 -0.9879077005367305 -0.9879077005367305 0.9879723407590548 0.951792286546348 -0.9879077005367305 1.0