1.0 -0.9758983447023477 -0.9758838655727733 0.9756577885017729 0.9999007109805775 -0.9758838655727733 0.9143578187590721
-0.9758983447023477 1.0 0.999996449771308 -0.9999312399432134 -0.9751702177131841 0.999996449771308 -0.9806155579883012
-0.9758838655727733 0.999996449771308 1.0 -0.99994503713084 -0.9751683929786368 1.0 -0.9806220315815766
0.9756577885017729 -0.9999312399432134 -0.99994503713084 1.0 0.9750424566936092 -0.99994503713084 0.9805772473761191
0.9999007109805775 -0.9751702177131841 -0.9751683929786368 0.9750424566936092 1.0 -0.9751683929786368 0.9129127270604701
-0.9758838655727733 0.999996449771308 1.0 -0.99994503713084 -0.9751683929786368 1.0 -0.9806220315815766
0.9143578187590721 -0.9806155579883012 -0.9806220315815766 0.9805772473761191 0.9129127270604701 -0.9806220315815766 1.0