1.0 -0.9822481294021255 -0.9822481294021255 0.9820419812781093 0.9998780432529228 -0.9822481294021255 0.9453266554756126
-0.9822481294021255 1.0 1.0 -0.9999470604114856 -0.9829143333962553 1.0 -0.9896446088041813
-0.9822481294021255 1.0 1.0 -0.9999470604114856 -0.9829143333962553 1.0 -0.9896446088041813
0.9820419812781093 -0.9999470604114856 -0.9999470604114856 1.0 0.982840663527533 -0.9999470604114856 0.9895642971890526
0.9998780432529228 -0.9829143333962553 -0.9829143333962553 0.982840663527533 1.0 -0.9829143333962553 0.946340032129487
-0.9822481294021255 1.0 1.0 -0.9999470604114856 -0.9829143333962553 1.0 -0.9896446088041813
0.9453266554756126 -0.9896446088041813 -0.9896446088041813 0.9895642971890526 0.946340032129487 -0.9896446088041813 1.0