1.0 -0.9839373585568725 -0.9839373585568725 0.9840808209547679 0.9998593403170356 -0.9839373585568725 0.9360625819673905
-0.9839373585568725 1.0 1.0 -0.9999671770401036 -0.9837012727474898 1.0 -0.9836958246321623
-0.9839373585568725 1.0 1.0 -0.9999671770401036 -0.9837012727474898 1.0 -0.9836958246321623
0.9840808209547679 -0.9999671770401036 -0.9999671770401036 1.0 0.9839640539956954 -0.9999671770401036 0.9833158527467246
0.9998593403170356 -0.9837012727474898 -0.9837012727474898 0.9839640539956954 1.0 -0.9837012727474898 0.9353577203186499
-0.9839373585568725 1.0 1.0 -0.9999671770401036 -0.9837012727474898 1.0 -0.9836958246321623
0.9360625819673905 -0.9836958246321623 -0.9836958246321623 0.9833158527467246 0.9353577203186499 -0.9836958246321623 1.0