1.0 -0.9784310156421449 -0.9784310156421449 0.9767995054596791 0.9997742434829278 -0.9784310156421449 0.9212811112699529
-0.9784310156421449 1.0 1.0 -0.999904520529619 -0.9790652044673247 1.0 -0.9816355693963549
-0.9784310156421449 1.0 1.0 -0.999904520529619 -0.9790652044673247 1.0 -0.9816355693963549
0.9767995054596791 -0.999904520529619 -0.999904520529619 1.0 0.9776657955806006 -0.999904520529619 0.982743819044612
0.9997742434829278 -0.9790652044673247 -0.9790652044673247 0.9776657955806006 1.0 -0.9790652044673247 0.9222687641685978
-0.9784310156421449 1.0 1.0 -0.999904520529619 -0.9790652044673247 1.0 -0.9816355693963549
0.9212811112699529 -0.9816355693963549 -0.9816355693963549 0.982743819044612 0.9222687641685978 -0.9816355693963549 1.0