1.0 -0.9818557116441244 -0.9818075822574154 0.9823171742071217 0.9998017557384214 -0.9818075822574154 0.9194545510412966
-0.9818557116441244 1.0 0.9999922944490975 -0.9998855743513617 -0.9809447977467262 0.9999922944490975 -0.9772077658268753
-0.9818075822574154 0.9999922944490975 1.0 -0.9999194109131881 -0.9809328208561141 1.0 -0.9772288306873556
0.9823171742071217 -0.9998855743513617 -0.9999194109131881 1.0 0.9816636058409263 -0.9999194109131881 0.9762143491740136
0.9998017557384214 -0.9809447977467262 -0.9809328208561141 0.9816636058409263 1.0 -0.9809328208561141 0.9173818365883897
-0.9818075822574154 0.9999922944490975 1.0 -0.9999194109131881 -0.9809328208561141 1.0 -0.9772288306873556
0.9194545510412966 -0.9772077658268753 -0.9772288306873556 0.9762143491740136 0.9173818365883897 -0.9772288306873556 1.0