1.0 -0.9825116496780507 -0.9824200784734491 0.9822448549094979 0.9998123342482143 -0.9824200784734491 0.9262461972963673
-0.9825116496780507 1.0 0.9999899715176552 -0.9999007245287463 -0.9835376560187757 0.9999899715176552 -0.9800831093864851
-0.9824200784734491 0.9999899715176552 1.0 -0.9999380622874479 -0.9834738100783014 1.0 -0.980161972741607
0.9822448549094979 -0.9999007245287463 -0.9999380622874479 1.0 0.9834584439597259 -0.9999380622874479 0.9799987466471453
0.9998123342482143 -0.9835376560187757 -0.9834738100783014 0.9834584439597259 1.0 -0.9834738100783014 0.9281229748303126
-0.9824200784734491 0.9999899715176552 1.0 -0.9999380622874479 -0.9834738100783014 1.0 -0.980161972741607
0.9262461972963673 -0.9800831093864851 -0.980161972741607 0.9799987466471453 0.9281229748303126 -0.980161972741607 1.0