1.0 -0.9686340663335209 -0.9679850666672946 0.9674821690033798 0.9998412710586316 -0.9679850666672946 0.8886152615948202
-0.9686340663335209 1.0 0.9999897080618783 -0.9999194122131868 -0.9692069691497409 0.9999897080618783 -0.9746374744151758
-0.9679850666672946 0.9999897080618783 1.0 -0.9999505882084408 -0.9685805740442575 1.0 -0.9752142438527803
0.9674821690033798 -0.9999194122131868 -0.9999505882084408 1.0 0.9682270348992086 -0.9999505882084408 0.975430403423317
0.9998412710586316 -0.9692069691497409 -0.9685805740442575 0.9682270348992086 1.0 -0.9685805740442575 0.8895569212836236
-0.9679850666672946 0.9999897080618783 1.0 -0.9999505882084408 -0.9685805740442575 1.0 -0.9752142438527803
0.8886152615948202 -0.9746374744151758 -0.9752142438527803 0.975430403423317 0.8895569212836236 -0.9752142438527803 1.0