1.0 -0.9799860684608431 -0.9799860684608431 0.9800912164002961 0.9998160790118442 -0.9799860684608431 0.9131784396767432
-0.9799860684608431 1.0 1.0 -0.9999385315841832 -0.9802326036649982 1.0 -0.9758577556320371
-0.9799860684608431 1.0 1.0 -0.9999385315841832 -0.9802326036649982 1.0 -0.9758577556320371
0.9800912164002961 -0.9999385315841832 -0.9999385315841832 1.0 0.9805029623016516 -0.9999385315841832 0.9753668186264438
0.9998160790118442 -0.9802326036649982 -0.9802326036649982 0.9805029623016516 1.0 -0.9802326036649982 0.9133944957596934
-0.9799860684608431 1.0 1.0 -0.9999385315841832 -0.9802326036649982 1.0 -0.9758577556320371
0.9131784396767432 -0.9758577556320371 -0.9758577556320371 0.9753668186264438 0.9133944957596934 -0.9758577556320371 1.0