1.0 -0.9860496249807345 -0.9860496249807345 0.9859814325539341 0.9998805208140454 -0.9860496249807345 0.9511302717879037
-0.9860496249807345 1.0 1.0 -0.9999720000731226 -0.9865061615884868 1.0 -0.9891580845116321
-0.9860496249807345 1.0 1.0 -0.9999720000731226 -0.9865061615884868 1.0 -0.9891580845116321
0.9859814325539341 -0.9999720000731226 -0.9999720000731226 1.0 0.9865310886293145 -0.9999720000731226 0.9890324752259818
0.9998805208140454 -0.9865061615884868 -0.9865061615884868 0.9865310886293145 1.0 -0.9865061615884868 0.9518001536441902
-0.9860496249807345 1.0 1.0 -0.9999720000731226 -0.9865061615884868 1.0 -0.9891580845116321
0.9511302717879037 -0.9891580845116321 -0.9891580845116321 0.9890324752259818 0.9518001536441902 -0.9891580845116321 1.0