1.0 -0.9858365024694447 -0.9858365024694447 0.986510855006168 0.9998950148594804 -0.9858365024694447 0.9321940721417442
-0.9858365024694447 1.0 1.0 -0.9999612374636878 -0.9849813743219206 1.0 -0.9795749810234895
-0.9858365024694447 1.0 1.0 -0.9999612374636878 -0.9849813743219206 1.0 -0.9795749810234895
0.986510855006168 -0.9999612374636878 -0.9999612374636878 1.0 0.985762739033038 -0.9999612374636878 0.9785242913680858
0.9998950148594804 -0.9849813743219206 -0.9849813743219206 0.985762739033038 1.0 -0.9849813743219206 0.9301837812932935
-0.9858365024694447 1.0 1.0 -0.9999612374636878 -0.9849813743219206 1.0 -0.9795749810234895
0.9321940721417442 -0.9795749810234895 -0.9795749810234895 0.9785242913680858 0.9301837812932935 -0.9795749810234895 1.0