1.0 -0.9924681244118739 -0.9924681244118739 0.9929215154788676 0.9998664125449406 -0.9924681244118739 0.9701247578129137
-0.9924681244118739 1.0 1.0 -0.9999494647733308 -0.9920767957697504 1.0 -0.9924246191066152
-0.9924681244118739 1.0 1.0 -0.9999494647733308 -0.9920767957697504 1.0 -0.9924246191066152
0.9929215154788676 -0.9999494647733308 -0.9999494647733308 1.0 0.9926411397848826 -0.9999494647733308 0.9917197642368705
0.9998664125449406 -0.9920767957697504 -0.9920767957697504 0.9926411397848826 1.0 -0.9920767957697504 0.9691538213592155
-0.9924681244118739 1.0 1.0 -0.9999494647733308 -0.9920767957697504 1.0 -0.9924246191066152
0.9701247578129137 -0.9924246191066152 -0.9924246191066152 0.9917197642368705 0.9691538213592155 -0.9924246191066152 1.0