1.0 0.26166754157485905 0.8859581272501805 -0.9296601503041089 0.999970068202318 0.9659082956465824 -0.9973926283609333
0.26166754157485905 1.0 0.6782912512584964 -0.03168270496151525 0.26327383800326465 0.4899492821361265 -0.32652055334276237
0.8859581272501805 0.6782912512584964 1.0 -0.7156396667290575 0.8865919987005559 0.9711970853181845 -0.9146293947775287
-0.9296601503041089 -0.03168270496151525 -0.7156396667290575 1.0 -0.9296861421347291 -0.8216423472320086 0.9171639187033023
0.999970068202318 0.26327383800326465 0.8865919987005559 -0.9296861421347291 1.0 0.9662772625655386 -0.9976016788141162
0.9659082956465824 0.4899492821361265 0.9711970853181845 -0.8216423472320086 0.9662772625655386 1.0 -0.9793381373638722
-0.9973926283609333 -0.32652055334276237 -0.9146293947775287 0.9171639187033023 -0.9976016788141162 -0.9793381373638722 1.0