1.0 0.029606218494547618 0.8983396346153423 -0.9309787566478416 0.9999753455764223 0.9674628298042874 -0.9976986868246692
0.029606218494547618 1.0 0.4463301718949026 0.18832016189877412 0.03232033907531648 0.25854135599956435 -0.09327648240076668
0.8983396346153423 0.4463301718949026 1.0 -0.7091380348911345 0.8988464482079228 0.979086564943243 -0.9213929965525033
-0.9309787566478416 0.18832016189877412 -0.7091380348911345 1.0 -0.931704287958172 -0.8219289987026671 0.9200426001616452
0.9999753455764223 0.03232033907531648 0.8988464482079228 -0.931704287958172 1.0 0.9676210477129533 -0.9979382730946691
0.9674628298042874 0.25854135599956435 0.979086564943243 -0.8219289987026671 0.9676210477129533 1.0 -0.9787979026507768
-0.9976986868246692 -0.09327648240076668 -0.9213929965525033 0.9200426001616452 -0.9979382730946691 -0.9787979026507768 1.0