1.0 0.1670911211149728 0.7964371964405614 -0.9276163319090773 0.999986717832513 0.9347343426314197 -0.9975677623929643
0.1670911211149728 1.0 0.7030492279114594 0.13678572850016452 0.16891101841996367 0.48633018886184465 -0.2308118409389862
0.7964371964405614 0.7030492279114594 1.0 -0.5409207101377428 0.7975023553850934 0.958296550828858 -0.8303559063638347
-0.9276163319090773 0.13678572850016452 -0.5409207101377428 1.0 -0.9271788841112528 -0.7473753789639177 0.9105939196420056
0.999986717832513 0.16891101841996367 0.7975023553850934 -0.9271788841112528 1.0 0.9353209064244694 -0.9976924190401265
0.9347343426314197 0.48633018886184465 0.958296550828858 -0.7473753789639177 0.9353209064244694 1.0 -0.9531430261387679
-0.9975677623929643 -0.2308118409389862 -0.8303559063638347 0.9105939196420056 -0.9976924190401265 -0.9531430261387679 1.0