1.0 0.3299447262895855 0.9014178444356141 -0.9481803044224011 0.9999754739786776 0.9645735083344141 -0.9963736414016726
0.3299447262895855 1.0 0.694930303568542 -0.12950814736626193 0.33261613325612294 0.5551498747021578 -0.40371382064113037
0.9014178444356141 0.694930303568542 1.0 -0.7525794346980145 0.902177076654253 0.9830037480025337 -0.9305284298466249
-0.9481803044224011 -0.12950814736626193 -0.7525794346980145 1.0 -0.9484346805040922 -0.8494292175592634 0.9353219360470365
0.9999754739786776 0.33261613325612294 0.902177076654253 -0.9484346805040922 1.0 0.9649890694785574 -0.9966545853125325
0.9645735083344141 0.5551498747021578 0.9830037480025337 -0.8494292175592634 0.9649890694785574 1.0 -0.980342417352
-0.9963736414016726 -0.40371382064113037 -0.9305284298466249 0.9353219360470365 -0.9966545853125325 -0.980342417352 1.0