1.0 0.28928723193554495 0.875596170470158 -0.934078236085775 0.9999787354003451 0.961226279931591 -0.996182242465106
0.28928723193554495 1.0 0.7147735273936211 -0.10118709658057505 0.29085211302256614 0.5300920787956557 -0.36692079175150083
0.875596170470158 0.7147735273936211 1.0 -0.7247868253173011 0.876350156150897 0.9709529230350883 -0.9116310328410425
-0.934078236085775 -0.10118709658057505 -0.7247868253173011 1.0 -0.9344857082987079 -0.8284065971744244 0.9226242139985776
0.9999787354003451 0.29085211302256614 0.876350156150897 -0.9344857082987079 1.0 0.9615844164003015 -0.9964283037818186
0.961226279931591 0.5300920787956557 0.9709529230350883 -0.8284065971744244 0.9615844164003015 1.0 -0.9783227145834587
-0.996182242465106 -0.36692079175150083 -0.9116310328410425 0.9226242139985776 -0.9964283037818186 -0.9783227145834587 1.0