1.0 0.28490846501422223 0.8920127596869525 -0.9439587484715739 0.9999821534053478 0.9628777304343813 -0.9966114935764373
0.28490846501422223 1.0 0.6791650278645436 -0.06479086803574202 0.28759543288668604 0.5207578303897358 -0.35835009937090767
0.8920127596869525 0.6791650278645436 1.0 -0.7294927576428971 0.8930110463995479 0.979915707093736 -0.9224816961493717
-0.9439587484715739 -0.06479086803574202 -0.7294927576428971 1.0 -0.943972517837471 -0.8362385420009414 0.9297314407906166
0.9999821534053478 0.28759543288668604 0.8930110463995479 -0.943972517837471 1.0 0.9634151266494244 -0.9968904977222742
0.9628777304343813 0.5207578303897358 0.979915707093736 -0.8362385420009414 0.9634151266494244 1.0 -0.9786640599913883
-0.9966114935764373 -0.35835009937090767 -0.9224816961493717 0.9297314407906166 -0.9968904977222742 -0.9786640599913883 1.0