1.0 0.42161703690409913 0.9024537146857775 -0.9475315265609772 0.9999785152597239 0.9678885381461921 -0.9962885683228007
0.42161703690409913 1.0 0.7688063227806932 -0.2593839500411017 0.4231144257566529 0.6260352727020587 -0.4921028713177932
0.9024537146857775 0.7688063227806932 1.0 -0.780713289583457 0.9031076899947453 0.9787902897470653 -0.9326362179455924
-0.9475315265609772 -0.2593839500411017 -0.780713289583457 1.0 -0.9476065920754134 -0.8632608882958241 0.9381886782299793
0.9999785152597239 0.4231144257566529 0.9031076899947453 -0.9476065920754134 1.0 0.9683253471070687 -0.9965187790591982
0.9678885381461921 0.6260352727020587 0.9787902897470653 -0.8632608882958241 0.9683253471070687 1.0 -0.9830116382992342
-0.9962885683228007 -0.4921028713177932 -0.9326362179455924 0.9381886782299793 -0.9965187790591982 -0.9830116382992342 1.0