1.0 0.15156072198056664 0.888989917281206 -0.9194339455390811 0.9999857641364578 0.9700572812733833 -0.9971599665469526
0.15156072198056664 1.0 0.5839532551752512 0.018259331403696837 0.1542330953475938 0.36903324821382555 -0.22078861077368955
0.888989917281206 0.5839532551752512 1.0 -0.7313403708754145 0.8901843232005344 0.9684512813226287 -0.9179799348769894
-0.9194339455390811 0.018259331403696837 -0.7313403708754145 1.0 -0.9195714702843922 -0.825207280478734 0.9125221768559787
0.9999857641364578 0.1542330953475938 0.8901843232005344 -0.9195714702843922 1.0 0.9705698594578518 -0.9974047106887092
0.9700572812733833 0.36903324821382555 0.9684512813226287 -0.825207280478734 0.9705698594578518 1.0 -0.982065699472948
-0.9971599665469526 -0.22078861077368955 -0.9179799348769894 0.9125221768559787 -0.9974047106887092 -0.982065699472948 1.0