1.0 0.08263325269433645 0.7404586994532992 -0.9156177971558068 0.999981906408239 0.9214721521471569 -0.9972816410305305
0.08263325269433645 1.0 0.7040236806591115 0.20981246893217503 0.08586197797837734 0.43731594953832303 -0.15196105785902153
0.7404586994532992 0.7040236806591115 1.0 -0.4576895149991867 0.7425158182135715 0.9408646232129473 -0.7814960924708583
-0.9156177971558068 0.20981246893217503 -0.4576895149991867 1.0 -0.9149639846537665 -0.7063846023044168 0.8982341622547894
0.999981906408239 0.08586197797837734 0.7425158182135715 -0.9149639846537665 1.0 0.9226243178710172 -0.9975516999929654
0.9214721521471569 0.43731594953832303 0.9408646232129473 -0.7063846023044168 0.9226243178710172 1.0 -0.9426022419692277
-0.9972816410305305 -0.15196105785902153 -0.7814960924708583 0.8982341622547894 -0.9975516999929654 -0.9426022419692277 1.0