1.0 0.05325081115204957 0.7688644737294785 -0.9193494532047922 0.9999876543819097 0.9288205555106532 -0.9979188929380275
0.05325081115204957 1.0 0.648335931371209 0.2690852273636126 0.055835539418034964 0.3962042030475289 -0.11442051635758488
0.7688644737294785 0.648335931371209 1.0 -0.48244423680832915 0.7704114326452876 0.9500635190388153 -0.8027306049918496
-0.9193494532047922 0.2690852273636126 -0.48244423680832915 1.0 -0.9187421988789579 -0.7191793862330943 0.9016730422183139
0.9999876543819097 0.055835539418034964 0.7704114326452876 -0.9187421988789579 1.0 0.9296789420456164 -0.998089432053781
0.9288205555106532 0.3962042030475289 0.9500635190388153 -0.7191793862330943 0.9296789420456164 1.0 -0.946811819730011
-0.9979188929380275 -0.11442051635758488 -0.8027306049918496 0.9016730422183139 -0.998089432053781 -0.946811819730011 1.0