1.0 0.18600323396843826 0.7992974082317676 -0.9295455211283148 0.9999846194112965 0.93729495722754 -0.9963595092702483
0.18600323396843826 1.0 0.7158132578473921 0.035711601928593725 0.18739014934081602 0.4920590112141499 -0.26524865782121076
0.7992974082317676 0.7158132578473921 1.0 -0.5878281017397513 0.8001864839552975 0.955871047326553 -0.8413441856190816
-0.9295455211283148 0.035711601928593725 -0.5878281017397513 1.0 -0.929397283522273 -0.7691338849154685 0.9149266067131502
0.9999846194112965 0.18739014934081602 0.8001864839552975 -0.929397283522273 1.0 0.9378083286769481 -0.9965185517317345
0.93729495722754 0.4920590112141499 0.955871047326553 -0.7691338849154685 0.9378083286769481 1.0 -0.9584113748204475
-0.9963595092702483 -0.26524865782121076 -0.8413441856190816 0.9149266067131502 -0.9965185517317345 -0.9584113748204475 1.0