1.0 0.26934201304047567 0.8902896962134985 -0.940957878179674 0.9999734925897932 0.96691120985176 -0.9959495587895626
0.26934201304047567 1.0 0.6725269887369947 -0.13174268912429515 0.27318350323735685 0.49084634559028695 -0.35052535716227023
0.8902896962134985 0.6725269887369947 1.0 -0.7658770153238696 0.8919266753298335 0.9736664168116788 -0.9243309443241273
-0.940957878179674 -0.13174268912429515 -0.7658770153238696 1.0 -0.941530251853563 -0.8543870045229024 0.93300578084911
0.9999734925897932 0.27318350323735685 0.8919266753298335 -0.941530251853563 1.0 0.967697129108903 -0.9964231871869956
0.96691120985176 0.49084634559028695 0.9736664168116788 -0.8543870045229024 0.967697129108903 1.0 -0.9823286725902528
-0.9959495587895626 -0.35052535716227023 -0.9243309443241273 0.93300578084911 -0.9964231871869956 -0.9823286725902528 1.0