1.0 0.27971170766335324 0.8920168608911164 -0.9467968038411331 0.9999758515232775 0.9611800739425511 -0.9961259385569329
0.27971170766335324 1.0 0.6728577194305837 -0.07801343320493655 0.28238206227230234 0.5211150588814191 -0.3583007963101088
0.8920168608911164 0.6728577194305837 1.0 -0.734948757119289 0.8928220306420719 0.9813502258380477 -0.9235559819782803
-0.9467968038411331 -0.07801343320493655 -0.734948757119289 1.0 -0.9472161394275818 -0.840185098109191 0.9328196850673488
0.9999758515232775 0.28238206227230234 0.8928220306420719 -0.9472161394275818 1.0 0.9616073527626054 -0.9964389868364765
0.9611800739425511 0.5211150588814191 0.9813502258380477 -0.840185098109191 0.9616073527626054 1.0 -0.978339088614185
-0.9961259385569329 -0.3583007963101088 -0.9235559819782803 0.9328196850673488 -0.9964389868364765 -0.978339088614185 1.0