1.0 0.21004365737171773 0.8769943330326867 -0.9242148144446258 0.9999903346690083 0.9624948068397662 -0.997247702901071
0.21004365737171773 1.0 0.6507408438588848 0.02454913826887098 0.21096502837771877 0.4533493837329326 -0.27814275573811503
0.8769943330326867 0.6507408438588848 1.0 -0.6922478470948974 0.8774000423012327 0.9704103868608072 -0.9075707547466836
-0.9242148144446258 0.02454913826887098 -0.6922478470948974 1.0 -0.9239841454794061 -0.8068966600460726 0.9111890716301008
0.9999903346690083 0.21096502837771877 0.8774000423012327 -0.9239841454794061 1.0 0.9627558607503877 -0.9973307335522436
0.9624948068397662 0.4533493837329326 0.9704103868608072 -0.8068966600460726 0.9627558607503877 1.0 -0.9769959968907067
-0.997247702901071 -0.27814275573811503 -0.9075707547466836 0.9111890716301008 -0.9973307335522436 -0.9769959968907067 1.0