1.0 0.07551292131512267 0.9096457525748394 -0.9391097041560763 0.9999661380264875 0.9737492524590968 -0.9967300953257273
0.07551292131512267 1.0 0.46490522015161323 0.03278421387892209 0.08067620578204096 0.27740924714467113 -0.1517577302136321
0.9096457525748394 0.46490522015161323 1.0 -0.7827155320053606 0.9111642469455613 0.9773850905068422 -0.9355553764217668
-0.9391097041560763 0.03278421387892209 -0.7827155320053606 1.0 -0.9400191680571653 -0.8630251399343303 0.934033816060293
0.9999661380264875 0.08067620578204096 0.9111642469455613 -0.9400191680571653 1.0 0.9743823677628437 -0.9972079875117306
0.9737492524590968 0.27740924714467113 0.9773850905068422 -0.8630251399343303 0.9743823677628437 1.0 -0.985135751036518
-0.9967300953257273 -0.1517577302136321 -0.9355553764217668 0.934033816060293 -0.9972079875117306 -0.985135751036518 1.0