1.0 0.382432046068916 0.9060140709102984 -0.9545056769417514 0.9999616382526026 0.9653251405434328 -0.9959984916494811
0.382432046068916 1.0 0.7283165532386469 -0.2058313674903825 0.3860377367206868 0.5992752042580914 -0.45780059134314854
0.9060140709102984 0.7283165532386469 1.0 -0.7739286028739627 0.9072073926271508 0.9844422234822383 -0.9355280974113043
-0.9545056769417514 -0.2058313674903825 -0.7739286028739627 1.0 -0.9549314718923732 -0.8632323381235644 0.9424941096349947
0.9999616382526026 0.3860377367206868 0.9072073926271508 -0.9549314718923732 1.0 0.9659662506321479 -0.9964228527185894
0.9653251405434328 0.5992752042580914 0.9844422234822383 -0.8632323381235644 0.9659662506321479 1.0 -0.9815524410566946
-0.9959984916494811 -0.45780059134314854 -0.9355280974113043 0.9424941096349947 -0.9964228527185894 -0.9815524410566946 1.0