1.0 0.30020938795219543 0.9151402645147143 -0.9438128534983865 0.999975052189237 0.9757257791499688 -0.9976660934352527
0.30020938795219543 1.0 0.6524015122190983 -0.1289915931613613 0.30188226557907216 0.485806563373534 -0.3607493418488054
0.9151402645147143 0.6524015122190983 1.0 -0.787124581750994 0.9156147357439286 0.9777420750593409 -0.9378680354696358
-0.9438128534983865 -0.1289915931613613 -0.787124581750994 1.0 -0.9438922036337138 -0.8662615366656858 0.9358161118228209
0.999975052189237 0.30188226557907216 0.9156147357439286 -0.9438922036337138 1.0 0.9759714673483219 -0.9978365054862955
0.9757257791499688 0.485806563373534 0.9777420750593409 -0.8662615366656858 0.9759714673483219 1.0 -0.9857007378710368
-0.9976660934352527 -0.3607493418488054 -0.9378680354696358 0.9358161118228209 -0.9978365054862955 -0.9857007378710368 1.0