1.0 0.38756351669760214 0.9375538805209874 -0.9654679218573317 0.9999515489149912 0.9843621672100301 -0.9965984804472952
0.38756351669760214 1.0 0.6740123421106268 -0.3783616125354526 0.392650633881693 0.5281805894244922 -0.45778414338871043
0.9375538805209874 0.6740123421106268 1.0 -0.8962560120436047 0.939109684563129 0.9810484896221913 -0.9601292737153649
-0.9654679218573317 -0.3783616125354526 -0.8962560120436047 1.0 -0.9661661231478818 -0.9355307070379434 0.9668691794851791
0.9999515489149912 0.392650633881693 0.939109684563129 -0.9661661231478818 1.0 0.9850632417648314 -0.9970982977063608
0.9843621672100301 0.5281805894244922 0.9810484896221913 -0.9355307070379434 0.9850632417648314 1.0 -0.9932519238405814
-0.9965984804472952 -0.45778414338871043 -0.9601292737153649 0.9668691794851791 -0.9970982977063608 -0.9932519238405814 1.0