1.0 0.058797921025252685 0.7642245589265582 -0.9211677717931379 0.9999652344936765 0.926418034825959 -0.9974239785356377
0.058797921025252685 1.0 0.6574447957837772 0.25157621548912334 0.06407015456027515 0.40740734309930443 -0.12611414936430548
0.7642245589265582 0.6574447957837772 1.0 -0.4839491619648532 0.767255179138436 0.9499314253607943 -0.8016261319641061
-0.9211677717931379 0.25157621548912334 -0.4839491619648532 1.0 -0.9201882370778021 -0.7205006973105239 0.9028539119429717
0.9999652344936765 0.06407015456027515 0.767255179138436 -0.9201882370778021 1.0 0.9281031486863651 -0.997840167134283
0.926418034825959 0.40740734309930443 0.9499314253607943 -0.7205006973105239 0.9281031486863651 1.0 -0.9464111447343315
-0.9974239785356377 -0.12611414936430548 -0.8016261319641061 0.9028539119429717 -0.997840167134283 -0.9464111447343315 1.0