1.0 -0.021884006441836648 0.8562057427706323 -0.9102218074558054 0.9999531922446774 0.9562832432698704 -0.997772609845531
-0.021884006441836648 1.0 0.4873352056023802 0.2983744256919759 -0.016325095667394724 0.2520939713420397 -0.0414896844989955
0.8562057427706323 0.4873352056023802 1.0 -0.6136264466399881 0.8583189473044328 0.9660997268619649 -0.8850145510902715
-0.9102218074558054 0.2983744256919759 -0.6136264466399881 1.0 -0.9105796041646665 -0.7636820249013464 0.8952208920744156
0.9999531922446774 -0.016325095667394724 0.8583189473044328 -0.9105796041646665 1.0 0.9571713641643296 -0.9982261586965657
0.9562832432698704 0.2520939713420397 0.9660997268619649 -0.7636820249013464 0.9571713641643296 1.0 -0.9702661677024492
-0.997772609845531 -0.0414896844989955 -0.8850145510902715 0.8952208920744156 -0.9982261586965657 -0.9702661677024492 1.0