1.0 -0.08306266816467109 0.7740173097837325 -0.8979066252677429 0.9999779652754162 0.9363338459380298 -0.9982845389564731
-0.08306266816467109 1.0 0.5303375277430044 0.38459042522390974 -0.07779593013701333 0.23891773087543017 0.028248752517333265
0.7740173097837325 0.5303375277430044 1.0 -0.4662457142644639 0.7769336119115605 0.9436287945502175 -0.8032316024538667
-0.8979066252677429 0.38459042522390974 -0.4662457142644639 1.0 -0.8971128268828686 -0.7016052942886717 0.8842284516831272
0.9999779652754162 -0.07779593013701333 0.7769336119115605 -0.8971128268828686 1.0 0.9377483279485612 -0.9986176853899439
0.9363338459380298 0.23891773087543017 0.9436287945502175 -0.7016052942886717 0.9377483279485612 1.0 -0.9503938734025725
-0.9982845389564731 0.028248752517333265 -0.8032316024538667 0.8842284516831272 -0.9986176853899439 -0.9503938734025725 1.0