1.0 -0.03031162621759609 0.7532407860495036 -0.9097792738759126 0.9999756237298737 0.9273627458146402 -0.9981537617745233
-0.03031162621759609 1.0 0.6004301588024946 0.36736307614006425 -0.025472384410340707 0.3208495187292906 -0.027117803539075173
0.7532407860495036 0.6004301588024946 1.0 -0.4425999622235134 0.7560938134201941 0.9431766450542648 -0.7859334046002064
-0.9097792738759126 0.36736307614006425 -0.4425999622235134 1.0 -0.9090105362800349 -0.6993267174966364 0.8925063729061276
0.9999756237298737 -0.025472384410340707 0.7560938134201941 -0.9090105362800349 1.0 0.9288095884532235 -0.9984877670347783
0.9273627458146402 0.3208495187292906 0.9431766450542648 -0.6993267174966364 0.9288095884532235 1.0 -0.944242184482922
-0.9981537617745233 -0.027117803539075173 -0.7859334046002064 0.8925063729061276 -0.9984877670347783 -0.944242184482922 1.0