1.0 0.34792915308358774 0.9059919851517589 -0.9487169189904666 0.9999867407458435 0.9714763739575455 -0.996482991109324
0.34792915308358774 1.0 0.7068640572152399 -0.22298386907918083 0.34847948645945415 0.5460849181755437 -0.42017365061002393
0.9059919851517589 0.7068640572152399 1.0 -0.7991604510123292 0.9061054523647271 0.9771764619389458 -0.9348106808528511
-0.9487169189904666 -0.22298386907918083 -0.7991604510123292 1.0 -0.9490944585660068 -0.8752086674073674 0.9425635682407463
0.9999867407458435 0.34847948645945415 0.9061054523647271 -0.9490944585660068 1.0 0.971517440932532 -0.9965911856762321
0.9714763739575455 0.5460849181755437 0.9771764619389458 -0.8752086674073674 0.971517440932532 1.0 -0.9847762919264428
-0.996482991109324 -0.42017365061002393 -0.9348106808528511 0.9425635682407463 -0.9965911856762321 -0.9847762919264428 1.0