1.0 -0.03129814299725574 0.7558219064951105 -0.9125548958399636 0.9999883074447984 0.9272355047515808 -0.9982109151643278
-0.03129814299725574 1.0 0.5956507234673605 0.3628760532591829 -0.028294390752994752 0.3202230787099126 -0.025237951389550428
0.7558219064951105 0.5956507234673605 1.0 -0.44891920082907505 0.7575556995694585 0.9450266269774071 -0.7875694538163655
-0.9125548958399636 0.3628760532591829 -0.44891920082907505 1.0 -0.9119103049197438 -0.7037821550966057 0.895818858986569
0.9999883074447984 -0.028294390752994752 0.7575556995694585 -0.9119103049197438 1.0 0.9281660746526627 -0.9983996049431226
0.9272355047515808 0.3202230787099126 0.9450266269774071 -0.7037821550966057 0.9281660746526627 1.0 -0.9439325026851999
-0.9982109151643278 -0.025237951389550428 -0.7875694538163655 0.895818858986569 -0.9983996049431226 -0.9439325026851999 1.0