1.0 0.12871872389711356 0.9010516666486581 -0.9369628741915113 0.9999714717671315 0.9705000163310674 -0.9965178410353626
0.12871872389711356 1.0 0.5312293438219352 0.004503992329372688 0.13412893614078777 0.3427791373217521 -0.2067288382588643
0.9010516666486581 0.5312293438219352 1.0 -0.7638004859528715 0.9028342932523031 0.9758390008230605 -0.92944246565762
-0.9369628741915113 0.004503992329372688 -0.7638004859528715 1.0 -0.9372190063709196 -0.8518257735501686 0.9298228174151715
0.9999714717671315 0.13412893614078777 0.9028342932523031 -0.9372190063709196 1.0 0.9714007836598185 -0.9970155468541723
0.9705000163310674 0.3427791373217521 0.9758390008230605 -0.8518257735501686 0.9714007836598185 1.0 -0.9833806687804165
-0.9965178410353626 -0.2067288382588643 -0.92944246565762 0.9298228174151715 -0.9970155468541723 -0.9833806687804165 1.0