1.0 0.21025847197407416 0.8779376400924024 -0.925107128998152 0.9999809887629681 0.9664423358784799 -0.9963900047057024
0.21025847197407416 1.0 0.6512699274915001 -0.06735879285181517 0.21162646534318394 0.43723190851625726 -0.2881261682267875
0.8779376400924024 0.6512699274915001 1.0 -0.7383521410059527 0.8785852150011173 0.9660873635038766 -0.9128018970769588
-0.925107128998152 -0.06735879285181517 -0.7383521410059527 1.0 -0.9255577632556492 -0.8319671690674887 0.9181602826170746
0.9999809887629681 0.21162646534318394 0.8785852150011173 -0.9255577632556492 1.0 0.9667354771461706 -0.9966017872336358
0.9664423358784799 0.43723190851625726 0.9660873635038766 -0.8319671690674887 0.9667354771461706 1.0 -0.9811857793763472
-0.9963900047057024 -0.2881261682267875 -0.9128018970769588 0.9181602826170746 -0.9966017872336358 -0.9811857793763472 1.0