1.0 0.10980114413113758 0.8661943006262465 -0.9100223821628534 0.9999832457281662 0.9607764840283122 -0.9974792509225032
0.10980114413113758 1.0 0.5906267588492343 0.15587617141738166 0.11370656706716104 0.3663412203491571 -0.17619248094114362
0.8661943006262465 0.5906267588492343 1.0 -0.6505950456562947 0.8681446910723878 0.9657383897581779 -0.8970942264356776
-0.9100223821628534 0.15587617141738166 -0.6505950456562947 1.0 -0.9096873066577721 -0.7794821315881719 0.8961969486142254
0.9999832457281662 0.11370656706716104 0.8681446910723878 -0.9096873066577721 1.0 0.9616621017385435 -0.9977937327056131
0.9607764840283122 0.3663412203491571 0.9657383897581779 -0.7794821315881719 0.9616621017385435 1.0 -0.9749378232340552
-0.9974792509225032 -0.17619248094114362 -0.8970942264356776 0.8961969486142254 -0.9977937327056131 -0.9749378232340552 1.0