1.0 0.05262087689114302 0.768597604969656 -0.9189540266988081 0.999983032253483 0.92873892872443 -0.9979035355135584
0.05262087689114302 1.0 0.6481617396217355 0.27118392554236254 0.05687677670916135 0.39581871172219313 -0.11394366425255495
0.768597604969656 0.6481617396217355 1.0 -0.48091734030273 0.7711013933684959 0.9500016928624565 -0.8025322816683429
-0.9189540266988081 0.27118392554236254 -0.48091734030273 1.0 -0.9179689330506231 -0.718210078327602 0.901185833699307
0.999983032253483 0.05687677670916135 0.7711013933684959 -0.9179689330506231 1.0 0.9300988676293652 -0.9981800587112897
0.92873892872443 0.39581871172219313 0.9500016928624565 -0.718210078327602 0.9300988676293652 1.0 -0.9467571634666283
-0.9979035355135584 -0.11394366425255495 -0.8025322816683429 0.901185833699307 -0.9981800587112897 -0.9467571634666283 1.0