1.0 0.21495165572778926 0.8726943341367788 -0.924839067858949 0.9999634835461473 0.960425463894387 -0.9965879652082738
0.21495165572778926 1.0 0.6611609255807362 0.005546999917891834 0.2192942464403762 0.46489831321127106 -0.2897378175127181
0.8726943341367788 0.6611609255807362 1.0 -0.693511780355618 0.8747952197717562 0.9703300167341949 -0.906621977708304
-0.924839067858949 0.005546999917891834 -0.693511780355618 1.0 -0.9243888428738269 -0.8078608668663488 0.9121591283413197
0.9999634835461473 0.2192942464403762 0.8747952197717562 -0.9243888428738269 1.0 0.961571478404532 -0.9970182409057793
0.960425463894387 0.46489831321127106 0.9703300167341949 -0.8078608668663488 0.961571478404532 1.0 -0.9766512198696492
-0.9965879652082738 -0.2897378175127181 -0.906621977708304 0.9121591283413197 -0.9970182409057793 -0.9766512198696492 1.0