1.0 -0.9913422817969354 -0.9913422817969354 0.9913427556244325 0.9997187719365621 -0.9913422817969354 0.9635099903366667
-0.9913422817969354 1.0 1.0 -0.9999170389004961 -0.9909807242117696 1.0 -0.9901895215862441
-0.9913422817969354 1.0 1.0 -0.9999170389004961 -0.9909807242117696 1.0 -0.9901895215862441
0.9913427556244325 -0.9999170389004961 -0.9999170389004961 1.0 0.9912494338012666 -0.9999170389004961 0.9897359194459463
0.9997187719365621 -0.9909807242117696 -0.9909807242117696 0.9912494338012666 1.0 -0.9909807242117696 0.9625771495477052
-0.9913422817969354 1.0 1.0 -0.9999170389004961 -0.9909807242117696 1.0 -0.9901895215862441
0.9635099903366667 -0.9901895215862441 -0.9901895215862441 0.9897359194459463 0.9625771495477052 -0.9901895215862441 1.0