1.0 -0.9891397469923993 -0.9891397469923993 0.988762362677874 0.9996393045503278 -0.9891397469923993 0.9566499929862612
-0.9891397469923993 1.0 1.0 -0.9998841366269419 -0.9890973630440979 1.0 -0.9889047289262011
-0.9891397469923993 1.0 1.0 -0.9998841366269419 -0.9890973630440979 1.0 -0.9889047289262011
0.988762362677874 -0.9998841366269419 -0.9998841366269419 1.0 0.9890909640312755 -0.9998841366269419 0.988673104531532
0.9996393045503278 -0.9890973630440979 -0.9890973630440979 0.9890909640312755 1.0 -0.9890973630440979 0.9562969176168371
-0.9891397469923993 1.0 1.0 -0.9998841366269419 -0.9890973630440979 1.0 -0.9889047289262011
0.9566499929862612 -0.9889047289262011 -0.9889047289262011 0.988673104531532 0.9562969176168371 -0.9889047289262011 1.0