1.0 -0.9911166005335734 -0.9911166005335734 0.9912397204248095 0.9997790997150233 -0.9911166005335734 0.9654892546725824
-0.9911166005335734 1.0 1.0 -0.999937253533706 -0.9901496574783708 1.0 -0.9914622160530708
-0.9911166005335734 1.0 1.0 -0.999937253533706 -0.9901496574783708 1.0 -0.9914622160530708
0.9912397204248095 -0.999937253533706 -0.999937253533706 1.0 0.990466084064367 -0.999937253533706 0.9910182496236912
0.9997790997150233 -0.9901496574783708 -0.9901496574783708 0.990466084064367 1.0 -0.9901496574783708 0.9634792781467169
-0.9911166005335734 1.0 1.0 -0.999937253533706 -0.9901496574783708 1.0 -0.9914622160530708
0.9654892546725824 -0.9914622160530708 -0.9914622160530708 0.9910182496236912 0.9634792781467169 -0.9914622160530708 1.0