1.0 -0.99050300040171 -0.99050300040171 0.9902478715931821 0.9997022529181304 -0.99050300040171 0.9659229951354263
-0.99050300040171 1.0 1.0 -0.9999408555146522 -0.9898811167601729 1.0 -0.9922391953925552
-0.99050300040171 1.0 1.0 -0.9999408555146522 -0.9898811167601729 1.0 -0.9922391953925552
0.9902478715931821 -0.9999408555146522 -0.9999408555146522 1.0 0.9898407148105243 -0.9999408555146522 0.992155589041869
0.9997022529181304 -0.9898811167601729 -0.9898811167601729 0.9898407148105243 1.0 -0.9898811167601729 0.9646003233270385
-0.99050300040171 1.0 1.0 -0.9999408555146522 -0.9898811167601729 1.0 -0.9922391953925552
0.9659229951354263 -0.9922391953925552 -0.9922391953925552 0.992155589041869 0.9646003233270385 -0.9922391953925552 1.0