1.0 -0.9887744588921404 -0.9887744588921404 0.9883347389650896 0.9997432866884506 -0.9887744588921404 0.9622053569233356
-0.9887744588921404 1.0 1.0 -0.99991095934288 -0.9881042563839584 1.0 -0.9919934108930294
-0.9887744588921404 1.0 1.0 -0.99991095934288 -0.9881042563839584 1.0 -0.9919934108930294
0.9883347389650896 -0.99991095934288 -0.99991095934288 1.0 0.9879066033877418 -0.99991095934288 0.9919539199698708
0.9997432866884506 -0.9881042563839584 -0.9881042563839584 0.9879066033877418 1.0 -0.9881042563839584 0.9608174515054452
-0.9887744588921404 1.0 1.0 -0.99991095934288 -0.9881042563839584 1.0 -0.9919934108930294
0.9622053569233356 -0.9919934108930294 -0.9919934108930294 0.9919539199698708 0.9608174515054452 -0.9919934108930294 1.0