1.0 -0.9927059051411752 -0.9927059051411752 0.9926827405217903 0.99972561383777 -0.9927059051411752 0.970031560641409
-0.9927059051411752 1.0 1.0 -0.9999297110902495 -0.991906218083122 1.0 -0.9921189600133312
-0.9927059051411752 1.0 1.0 -0.9999297110902495 -0.991906218083122 1.0 -0.9921189600133312
0.9926827405217903 -0.9999297110902495 -0.9999297110902495 1.0 0.9921229064032315 -0.9999297110902495 0.9917347355826455
0.99972561383777 -0.991906218083122 -0.991906218083122 0.9921229064032315 1.0 -0.991906218083122 0.9682259065383089
-0.9927059051411752 1.0 1.0 -0.9999297110902495 -0.991906218083122 1.0 -0.9921189600133312
0.970031560641409 -0.9921189600133312 -0.9921189600133312 0.9917347355826455 0.9682259065383089 -0.9921189600133312 1.0