1.0 -0.9881888457445044 -0.9881888457445044 0.9875434564497688 0.9997185198747044 -0.9881888457445044 0.9475387773824632
-0.9881888457445044 1.0 1.0 -0.9999135555489971 -0.9884065029967332 1.0 -0.9851805488272448
-0.9881888457445044 1.0 1.0 -0.9999135555489971 -0.9884065029967332 1.0 -0.9851805488272448
0.9875434564497688 -0.9999135555489971 -0.9999135555489971 1.0 0.988049269475049 -0.9999135555489971 0.9854075506752015
0.9997185198747044 -0.9884065029967332 -0.9884065029967332 0.988049269475049 1.0 -0.9884065029967332 0.9477573666820083
-0.9881888457445044 1.0 1.0 -0.9999135555489971 -0.9884065029967332 1.0 -0.9851805488272448
0.9475387773824632 -0.9851805488272448 -0.9851805488272448 0.9854075506752015 0.9477573666820083 -0.9851805488272448 1.0