1.0 -0.9940892619896812 -0.9940892619896812 0.9941501849421945 0.9997629538538066 -0.9940892619896812 0.9713922765795221
-0.9940892619896812 1.0 1.0 -0.9999392192452448 -0.9939048435118992 1.0 -0.9913160150417295
-0.9940892619896812 1.0 1.0 -0.9999392192452448 -0.9939048435118992 1.0 -0.9913160150417295
0.9941501849421945 -0.9999392192452448 -0.9999392192452448 1.0 0.9941633575159895 -0.9999392192452448 0.9908686357145094
0.9997629538538066 -0.9939048435118992 -0.9939048435118992 0.9941633575159895 1.0 -0.9939048435118992 0.9708357629643818
-0.9940892619896812 1.0 1.0 -0.9999392192452448 -0.9939048435118992 1.0 -0.9913160150417295
0.9713922765795221 -0.9913160150417295 -0.9913160150417295 0.9908686357145094 0.9708357629643818 -0.9913160150417295 1.0