1.0 -0.990309847981538 -0.990309847981538 0.9900422642147274 0.9997100152955163 -0.990309847981538 0.9646242848320714
-0.990309847981538 1.0 1.0 -0.9999333827207958 -0.9899808077559314 1.0 -0.9917714613480929
-0.990309847981538 1.0 1.0 -0.9999333827207958 -0.9899808077559314 1.0 -0.9917714613480929
0.9900422642147274 -0.9999333827207958 -0.9999333827207958 1.0 0.9899514307323259 -0.9999333827207958 0.991653345460117
0.9997100152955163 -0.9899808077559314 -0.9899808077559314 0.9899514307323259 1.0 -0.9899808077559314 0.9637984639699864
-0.990309847981538 1.0 1.0 -0.9999333827207958 -0.9899808077559314 1.0 -0.9917714613480929
0.9646242848320714 -0.9917714613480929 -0.9917714613480929 0.991653345460117 0.9637984639699864 -0.9917714613480929 1.0