1.0 -0.9921604115351275 -0.9921604115351275 0.9919250798389365 0.999798458011318 -0.9921604115351275 0.9708063282352335
-0.9921604115351275 1.0 1.0 -0.9999417108091906 -0.9922483259872249 1.0 -0.99308022454332
-0.9921604115351275 1.0 1.0 -0.9999417108091906 -0.9922483259872249 1.0 -0.99308022454332
0.9919250798389365 -0.9999417108091906 -0.9999417108091906 1.0 0.9922120840230936 -0.9999417108091906 0.9929884439818435
0.999798458011318 -0.9922483259872249 -0.9922483259872249 0.9922120840230936 1.0 -0.9922483259872249 0.9708136693053779
-0.9921604115351275 1.0 1.0 -0.9999417108091906 -0.9922483259872249 1.0 -0.99308022454332
0.9708063282352335 -0.99308022454332 -0.99308022454332 0.9929884439818435 0.9708136693053779 -0.99308022454332 1.0