1.0 -0.9890045762279636 -0.9890045762279636 0.988943632896744 0.9996841734761626 -0.9890045762279636 0.9563714491863945
-0.9890045762279636 1.0 1.0 -0.9999192938200079 -0.9882705503308162 1.0 -0.9889314147211342
-0.9890045762279636 1.0 1.0 -0.9999192938200079 -0.9882705503308162 1.0 -0.9889314147211342
0.988943632896744 -0.9999192938200079 -0.9999192938200079 1.0 0.988482742599662 -0.9999192938200079 0.9885518238225389
0.9996841734761626 -0.9882705503308162 -0.9882705503308162 0.988482742599662 1.0 -0.9882705503308162 0.9547267551835903
-0.9890045762279636 1.0 1.0 -0.9999192938200079 -0.9882705503308162 1.0 -0.9889314147211342
0.9563714491863945 -0.9889314147211342 -0.9889314147211342 0.9885518238225389 0.9547267551835903 -0.9889314147211342 1.0