1.0 -0.9893382254622802 -0.9893382254622802 0.9897438375776066 0.9997934109863361 -0.9893382254622802 0.9548028338329945
-0.9893382254622802 1.0 1.0 -0.9999676462217232 -0.9877555343464647 1.0 -0.987862067501421
-0.9893382254622802 1.0 1.0 -0.9999676462217232 -0.9877555343464647 1.0 -0.987862067501421
0.9897438375776066 -0.9999676462217232 -0.9999676462217232 1.0 0.9882926139839932 -0.9999676462217232 0.9872631472594582
0.9997934109863361 -0.9877555343464647 -0.9877555343464647 0.9882926139839932 1.0 -0.9877555343464647 0.9515691302526562
-0.9893382254622802 1.0 1.0 -0.9999676462217232 -0.9877555343464647 1.0 -0.987862067501421
0.9548028338329945 -0.987862067501421 -0.987862067501421 0.9872631472594582 0.9515691302526562 -0.987862067501421 1.0