1.0 -0.9906054667403374 -0.9906054667403374 0.9902944663154999 0.9997404878515083 -0.9906054667403374 0.9641490783678859
-0.9906054667403374 1.0 1.0 -0.999938329481048 -0.9906731961837775 1.0 -0.9912824366997961
-0.9906054667403374 1.0 1.0 -0.999938329481048 -0.9906731961837775 1.0 -0.9912824366997961
0.9902944663154999 -0.999938329481048 -0.999938329481048 1.0 0.9905848122605393 -0.999938329481048 0.9912494024359436
0.9997404878515083 -0.9906731961837775 -0.9906731961837775 0.9905848122605393 1.0 -0.9906731961837775 0.9641314389706269
-0.9906054667403374 1.0 1.0 -0.999938329481048 -0.9906731961837775 1.0 -0.9912824366997961
0.9641490783678859 -0.9912824366997961 -0.9912824366997961 0.9912494024359436 0.9641314389706269 -0.9912824366997961 1.0