1.0 -0.9902365277101581 -0.9902365277101581 0.9904777418493289 0.9996932871567696 -0.9902365277101581 0.9609246014409528
-0.9902365277101581 1.0 1.0 -0.9999120936930963 -0.9892805454004383 1.0 -0.9899763295553619
-0.9902365277101581 1.0 1.0 -0.9999120936930963 -0.9892805454004383 1.0 -0.9899763295553619
0.9904777418493289 -0.9999120936930963 -0.9999120936930963 1.0 0.9898220065147517 -0.9999120936930963 0.9892454176558065
0.9996932871567696 -0.9892805454004383 -0.9892805454004383 0.9898220065147517 1.0 -0.9892805454004383 0.9587815927671524
-0.9902365277101581 1.0 1.0 -0.9999120936930963 -0.9892805454004383 1.0 -0.9899763295553619
0.9609246014409528 -0.9899763295553619 -0.9899763295553619 0.9892454176558065 0.9587815927671524 -0.9899763295553619 1.0