1.0 -0.9875264104376104 -0.9875264104376104 0.9876440770643428 0.9997588399597989 -0.9875264104376104 0.9483145297091461
-0.9875264104376104 1.0 1.0 -0.999925680370104 -0.986967692551416 1.0 -0.9863372857118176
-0.9875264104376104 1.0 1.0 -0.999925680370104 -0.986967692551416 1.0 -0.9863372857118176
0.9876440770643428 -0.999925680370104 -0.999925680370104 1.0 0.9873347398121618 -0.999925680370104 0.9858106200779766
0.9997588399597989 -0.986967692551416 -0.986967692551416 0.9873347398121618 1.0 -0.986967692551416 0.9469993020729522
-0.9875264104376104 1.0 1.0 -0.999925680370104 -0.986967692551416 1.0 -0.9863372857118176
0.9483145297091461 -0.9863372857118176 -0.9863372857118176 0.9858106200779766 0.9469993020729522 -0.9863372857118176 1.0