1.0 -0.987141799247341 -0.987141799247341 0.9872115677963516 0.999783239749456 -0.987141799247341 0.946959790260232
-0.987141799247341 1.0 1.0 -0.9999361880137565 -0.9865337422298028 1.0 -0.9860318120054591
-0.987141799247341 1.0 1.0 -0.9999361880137565 -0.9865337422298028 1.0 -0.9860318120054591
0.9872115677963516 -0.9999361880137565 -0.9999361880137565 1.0 0.9868145390679596 -0.9999361880137565 0.9855897294317661
0.999783239749456 -0.9865337422298028 -0.9865337422298028 0.9868145390679596 1.0 -0.9865337422298028 0.9455403235519069
-0.987141799247341 1.0 1.0 -0.9999361880137565 -0.9865337422298028 1.0 -0.9860318120054591
0.946959790260232 -0.9860318120054591 -0.9860318120054591 0.9855897294317661 0.9455403235519069 -0.9860318120054591 1.0