1.0 -0.9931466988277726 -0.9931466988277726 0.9933389307823819 0.9996087952685646 -0.9931466988277726 0.974107094235195
-0.9931466988277726 1.0 1.0 -0.9999362499657392 -0.9922290775332119 1.0 -0.9937390198633163
-0.9931466988277726 1.0 1.0 -0.9999362499657392 -0.9922290775332119 1.0 -0.9937390198633163
0.9933389307823819 -0.9999362499657392 -0.9999362499657392 1.0 0.992692951056121 -0.9999362499657392 0.9932083592011105
0.9996087952685646 -0.9922290775332119 -0.9922290775332119 0.992692951056121 1.0 -0.9922290775332119 0.9721616908409586
-0.9931466988277726 1.0 1.0 -0.9999362499657392 -0.9922290775332119 1.0 -0.9937390198633163
0.974107094235195 -0.9937390198633163 -0.9937390198633163 0.9932083592011105 0.9721616908409586 -0.9937390198633163 1.0