1.0 -0.9908333214193547 -0.9908333214193547 0.9905403004026274 0.999794800422711 -0.9908333214193547 0.965716143233823
-0.9908333214193547 1.0 1.0 -0.9999327494948231 -0.9904440383406123 1.0 -0.9918374013172842
-0.9908333214193547 1.0 1.0 -0.9999327494948231 -0.9904440383406123 1.0 -0.9918374013172842
0.9905403004026274 -0.9999327494948231 -0.9999327494948231 1.0 0.9903300330992928 -0.9999327494948231 0.9917661411681553
0.999794800422711 -0.9904440383406123 -0.9904440383406123 0.9903300330992928 1.0 -0.9904440383406123 0.9648289703706231
-0.9908333214193547 1.0 1.0 -0.9999327494948231 -0.9904440383406123 1.0 -0.9918374013172842
0.965716143233823 -0.9918374013172842 -0.9918374013172842 0.9917661411681553 0.9648289703706231 -0.9918374013172842 1.0