1.0 -0.9897624613872007 -0.9897624613872007 0.9900476568868664 0.9997920032353728 -0.9897624613872007 0.9593709747220066
-0.9897624613872007 1.0 1.0 -0.9999577564607751 -0.9887042115763942 1.0 -0.9897513228990685
-0.9897624613872007 1.0 1.0 -0.9999577564607751 -0.9887042115763942 1.0 -0.9897513228990685
0.9900476568868664 -0.9999577564607751 -0.9999577564607751 1.0 0.9891458591502936 -0.9999577564607751 0.9892418156832541
0.9997920032353728 -0.9887042115763942 -0.9887042115763942 0.9891458591502936 1.0 -0.9887042115763942 0.957204924765671
-0.9897624613872007 1.0 1.0 -0.9999577564607751 -0.9887042115763942 1.0 -0.9897513228990685
0.9593709747220066 -0.9897513228990685 -0.9897513228990685 0.9892418156832541 0.957204924765671 -0.9897513228990685 1.0