1.0 -0.9909851210720118 -0.9909851210720118 0.9909044300417258 0.9997469689502416 -0.9909851210720118 0.9650433996813248
-0.9909851210720118 1.0 1.0 -0.9999381263289557 -0.9901797970279062 1.0 -0.9913621181479166
-0.9909851210720118 1.0 1.0 -0.9999381263289557 -0.9901797970279062 1.0 -0.9913621181479166
0.9909044300417258 -0.9999381263289557 -0.9999381263289557 1.0 0.9902845137024299 -0.9999381263289557 0.9911119871012565
0.9997469689502416 -0.9901797970279062 -0.9901797970279062 0.9902845137024299 1.0 -0.9901797970279062 0.963367045473585
-0.9909851210720118 1.0 1.0 -0.9999381263289557 -0.9901797970279062 1.0 -0.9913621181479166
0.9650433996813248 -0.9913621181479166 -0.9913621181479166 0.9911119871012565 0.963367045473585 -0.9913621181479166 1.0