1.0 -0.9864016673971101 -0.9864016673971101 0.9862123697676295 0.9998011933313589 -0.9864016673971101 0.9394638403308461
-0.9864016673971101 1.0 1.0 -0.999936360489437 -0.9857565760163616 1.0 -0.98289076469531
-0.9864016673971101 1.0 1.0 -0.999936360489437 -0.9857565760163616 1.0 -0.98289076469531
0.9862123697676295 -0.999936360489437 -0.999936360489437 1.0 0.9857431144162961 -0.999936360489437 0.9827305196316626
0.9998011933313589 -0.9857565760163616 -0.9857565760163616 0.9857431144162961 1.0 -0.9857565760163616 0.9379703470648596
-0.9864016673971101 1.0 1.0 -0.999936360489437 -0.9857565760163616 1.0 -0.98289076469531
0.9394638403308461 -0.98289076469531 -0.98289076469531 0.9827305196316626 0.9379703470648596 -0.98289076469531 1.0