1.0 -0.9920162706105078 -0.9920162706105078 0.9920635522582301 0.9996866596073852 -0.9920162706105078 0.9689551706284416
-0.9920162706105078 1.0 1.0 -0.9999500302711773 -0.9907227076563867 1.0 -0.9923220907582256
-0.9920162706105078 1.0 1.0 -0.9999500302711773 -0.9907227076563867 1.0 -0.9923220907582256
0.9920635522582301 -0.9999500302711773 -0.9999500302711773 1.0 0.9909730745454625 -0.9999500302711773 0.9920109735545872
0.9996866596073852 -0.9907227076563867 -0.9907227076563867 0.9909730745454625 1.0 -0.9907227076563867 0.9663569420972722
-0.9920162706105078 1.0 1.0 -0.9999500302711773 -0.9907227076563867 1.0 -0.9923220907582256
0.9689551706284416 -0.9923220907582256 -0.9923220907582256 0.9920109735545872 0.9663569420972722 -0.9923220907582256 1.0