1.0 -0.9914659246265786 -0.9914659246265786 0.9909355975874368 0.9997028017455147 -0.9914659246265786 0.9677369444303304
-0.9914659246265786 1.0 1.0 -0.9999097056999569 -0.9918513185763438 1.0 -0.99220092637433
-0.9914659246265786 1.0 1.0 -0.9999097056999569 -0.9918513185763438 1.0 -0.99220092637433
0.9909355975874368 -0.9999097056999569 -0.9999097056999569 1.0 0.9915970134884643 -0.9999097056999569 0.9922499432971744
0.9997028017455147 -0.9918513185763438 -0.9918513185763438 0.9915970134884643 1.0 -0.9918513185763438 0.9682844907411583
-0.9914659246265786 1.0 1.0 -0.9999097056999569 -0.9918513185763438 1.0 -0.99220092637433
0.9677369444303304 -0.99220092637433 -0.99220092637433 0.9922499432971744 0.9682844907411583 -0.99220092637433 1.0