1.0 -0.9869057442285095 -0.9869057442285095 0.9861544552515383 0.9996995241097242 -0.9869057442285095 0.9503648161228444
-0.9869057442285095 1.0 1.0 -0.999900802060226 -0.9878873104679436 1.0 -0.9879745446606304
-0.9869057442285095 1.0 1.0 -0.999900802060226 -0.9878873104679436 1.0 -0.9879745446606304
0.9861544552515383 -0.999900802060226 -0.999900802060226 1.0 0.9874452024086752 -0.999900802060226 0.9881985746565616
0.9996995241097242 -0.9878873104679436 -0.9878873104679436 0.9874452024086752 1.0 -0.9878873104679436 0.9520513245302752
-0.9869057442285095 1.0 1.0 -0.999900802060226 -0.9878873104679436 1.0 -0.9879745446606304
0.9503648161228444 -0.9879745446606304 -0.9879745446606304 0.9881985746565616 0.9520513245302752 -0.9879745446606304 1.0