1.0 -0.9927222693175055 -0.9927222693175055 0.9927012535971672 0.9997686112238333 -0.9927222693175055 0.9722564061161124
-0.9927222693175055 1.0 1.0 -0.9999189513720643 -0.9918376669075185 1.0 -0.9932433674530434
-0.9927222693175055 1.0 1.0 -0.9999189513720643 -0.9918376669075185 1.0 -0.9932433674530434
0.9927012535971672 -0.9999189513720643 -0.9999189513720643 1.0 0.9920415055255299 -0.9999189513720643 0.9928519488945056
0.9997686112238333 -0.9918376669075185 -0.9918376669075185 0.9920415055255299 1.0 -0.9918376669075185 0.9703807060291221
-0.9927222693175055 1.0 1.0 -0.9999189513720643 -0.9918376669075185 1.0 -0.9932433674530434
0.9722564061161124 -0.9932433674530434 -0.9932433674530434 0.9928519488945056 0.9703807060291221 -0.9932433674530434 1.0