1.0 -0.9844421759384827 -0.9844421759384827 0.9843609098668408 0.9997595714901594 -0.9844421759384827 0.9395340408764951
-0.9844421759384827 1.0 1.0 -0.9999305890746023 -0.9844004829222021 1.0 -0.9849823387810671
-0.9844421759384827 1.0 1.0 -0.9999305890746023 -0.9844004829222021 1.0 -0.9849823387810671
0.9843609098668408 -0.9999305890746023 -0.9999305890746023 1.0 0.9845444149618637 -0.9999305890746023 0.9846879298835027
0.9997595714901594 -0.9844004829222021 -0.9844004829222021 0.9845444149618637 1.0 -0.9844004829222021 0.9392847982244729
-0.9844421759384827 1.0 1.0 -0.9999305890746023 -0.9844004829222021 1.0 -0.9849823387810671
0.9395340408764951 -0.9849823387810671 -0.9849823387810671 0.9846879298835027 0.9392847982244729 -0.9849823387810671 1.0