1.0 -0.9894070082463436 -0.9894070082463436 0.9899198791430219 0.9996543171159358 -0.9894070082463436 0.955677307533345
-0.9894070082463436 1.0 1.0 -0.9999296555327118 -0.9881918514251492 1.0 -0.9881924593808884
-0.9894070082463436 1.0 1.0 -0.9999296555327118 -0.9881918514251492 1.0 -0.9881924593808884
0.9899198791430219 -0.9999296555327118 -0.9999296555327118 1.0 0.988952031952608 -0.9999296555327118 0.9872927430760247
0.9996543171159358 -0.9881918514251492 -0.9881918514251492 0.988952031952608 1.0 -0.9881918514251492 0.9531482952490564
-0.9894070082463436 1.0 1.0 -0.9999296555327118 -0.9881918514251492 1.0 -0.9881924593808884
0.955677307533345 -0.9881924593808884 -0.9881924593808884 0.9872927430760247 0.9531482952490564 -0.9881924593808884 1.0