1.0 -0.9925987532308761 -0.9925987532308761 0.9924714890386606 0.9997142281888735 -0.9925987532308761 0.9714574917089969
-0.9925987532308761 1.0 1.0 -0.9999333934114859 -0.9914615780771789 1.0 -0.9929604049320082
-0.9925987532308761 1.0 1.0 -0.9999333934114859 -0.9914615780771789 1.0 -0.9929604049320082
0.9924714890386606 -0.9999333934114859 -0.9999333934114859 1.0 0.9915621162326654 -0.9999333934114859 0.9927125629172459
0.9997142281888735 -0.9914615780771789 -0.9914615780771789 0.9915621162326654 1.0 -0.9914615780771789 0.9690708552137265
-0.9925987532308761 1.0 1.0 -0.9999333934114859 -0.9914615780771789 1.0 -0.9929604049320082
0.9714574917089969 -0.9929604049320082 -0.9929604049320082 0.9927125629172459 0.9690708552137265 -0.9929604049320082 1.0