1.0 -0.9898924588088209 -0.9898924588088209 0.9893436741751287 0.9997605306496572 -0.9898924588088209 0.961850318437826
-0.9898924588088209 1.0 1.0 -0.9999179969983781 -0.9900350625453972 1.0 -0.9908047210866296
-0.9898924588088209 1.0 1.0 -0.9999179969983781 -0.9900350625453972 1.0 -0.9908047210866296
0.9893436741751287 -0.9999179969983781 -0.9999179969983781 1.0 0.9897318607206567 -0.9999179969983781 0.9909002630283235
0.9997605306496572 -0.9900350625453972 -0.9900350625453972 0.9897318607206567 1.0 -0.9900350625453972 0.9619135900048899
-0.9898924588088209 1.0 1.0 -0.9999179969983781 -0.9900350625453972 1.0 -0.9908047210866296
0.961850318437826 -0.9908047210866296 -0.9908047210866296 0.9909002630283235 0.9619135900048899 -0.9908047210866296 1.0