1.0 -0.9998618314879568 -0.9998618314879568 0.999847965656763 0.9999789030973132 -0.9998618314879568 0.9996022445245217
-0.9998618314879568 1.0 1.0 -0.9999906508593475 -0.9998418011939737 1.0 -0.9999278586295428
-0.9998618314879568 1.0 1.0 -0.9999906508593475 -0.9998418011939737 1.0 -0.9999278586295428
0.999847965656763 -0.9999906508593475 -0.9999906508593475 1.0 0.9998550810652688 -0.9999906508593475 0.9999041738784806
0.9999789030973132 -0.9998418011939737 -0.9998418011939737 0.9998550810652688 1.0 -0.9998418011939737 0.999556312509857
-0.9998618314879568 1.0 1.0 -0.9999906508593475 -0.9998418011939737 1.0 -0.9999278586295428
0.9996022445245217 -0.9999278586295428 -0.9999278586295428 0.9999041738784806 0.999556312509857 -0.9999278586295428 1.0