1.0 -0.999866730431324 -0.999866730431324 0.9998742481022844 0.9999916493203119 -0.999866730431324 0.9996324960703005
-0.999866730431324 1.0 1.0 -0.999992086026432 -0.9998538089528003 1.0 -0.9999396902305683
-0.999866730431324 1.0 1.0 -0.999992086026432 -0.9998538089528003 1.0 -0.9999396902305683
0.9998742481022844 -0.999992086026432 -0.999992086026432 1.0 0.9998762249618963 -0.999992086026432 0.9999116033354928
0.9999916493203119 -0.9998538089528003 -0.9998538089528003 0.9998762249618963 1.0 -0.9998538089528003 0.9996061254936687
-0.999866730431324 1.0 1.0 -0.999992086026432 -0.9998538089528003 1.0 -0.9999396902305683
0.9996324960703005 -0.9999396902305683 -0.9999396902305683 0.9999116033354928 0.9996061254936687 -0.9999396902305683 1.0