1.0 -0.9996368771647391 -0.9996368771647391 0.9997359205575059 0.9999419835794976 -0.9996368771647391 0.998783773394728
-0.9996368771647391 1.0 1.0 -0.9999759516960461 -0.9993803133465621 1.0 -0.9997434511761046
-0.9996368771647391 1.0 1.0 -0.9999759516960461 -0.9993803133465621 1.0 -0.9997434511761046
0.9997359205575059 -0.9999759516960461 -0.9999759516960461 1.0 0.999551956866152 -0.9999759516960461 0.9995940073765034
0.9999419835794976 -0.9993803133465621 -0.9993803133465621 0.999551956866152 1.0 -0.9993803133465621 0.998327122716756
-0.9996368771647391 1.0 1.0 -0.9999759516960461 -0.9993803133465621 1.0 -0.9997434511761046
0.998783773394728 -0.9997434511761046 -0.9997434511761046 0.9995940073765034 0.998327122716756 -0.9997434511761046 1.0