1.0 0.9989151898866889 0.9989151898866889 -0.9992683820146813 0.9999533908853874 0.9989151898866889 -0.9992100990828301
0.9989151898866889 1.0 1.0 -0.9999525546508563 0.999301683950823 1.0 -0.9999763475296518
0.9989151898866889 1.0 1.0 -0.9999525546508563 0.999301683950823 1.0 -0.9999763475296518
-0.9992683820146813 -0.9999525546508563 -0.9999525546508563 1.0 -0.9995818450342168 -0.9999525546508563 0.9999897770802698
0.9999533908853874 0.999301683950823 0.999301683950823 -0.9995818450342168 1.0 0.999301683950823 -0.999534567339556
0.9989151898866889 1.0 1.0 -0.9999525546508563 0.999301683950823 1.0 -0.9999763475296518
-0.9992100990828301 -0.9999763475296518 -0.9999763475296518 0.9999897770802698 -0.999534567339556 -0.9999763475296518 1.0