1.0 0.9980311234989219 0.9980311234989219 -0.998287237773668 0.9999081269325968 0.9980311234989219 -0.9985740518116674
0.9980311234989219 1.0 1.0 -0.9999657668192563 0.9987678377036333 1.0 -0.9999558418132403
0.9980311234989219 1.0 1.0 -0.9999657668192563 0.9987678377036333 1.0 -0.9999558418132403
-0.998287237773668 -0.9999657668192563 -0.9999657668192563 1.0 -0.9989683985465432 -0.9999657668192563 0.9999651863579803
0.9999081269325968 0.9987678377036333 0.9987678377036333 -0.9989683985465432 1.0 0.9987678377036333 -0.9991891952778825
0.9980311234989219 1.0 1.0 -0.9999657668192563 0.9987678377036333 1.0 -0.9999558418132403
-0.9985740518116674 -0.9999558418132403 -0.9999558418132403 0.9999651863579803 -0.9991891952778825 -0.9999558418132403 1.0