1.0 0.9995311298826435 0.9995311298826435 -0.9996508931845929 0.9999598564532994 0.9995311298826435 -0.9996559137046308
0.9995311298826435 1.0 1.0 -0.9999900624823159 0.9997439319170578 1.0 -0.9999898329669198
0.9995311298826435 1.0 1.0 -0.9999900624823159 0.9997439319170578 1.0 -0.9999898329669198
-0.9996508931845929 -0.9999900624823159 -0.9999900624823159 1.0 -0.9998334453034637 -0.9999900624823159 0.9999997560224203
0.9999598564532994 0.9997439319170578 0.9997439319170578 -0.9998334453034637 1.0 0.9997439319170578 -0.9998350069916841
0.9995311298826435 1.0 1.0 -0.9999900624823159 0.9997439319170578 1.0 -0.9999898329669198
-0.9996559137046308 -0.9999898329669198 -0.9999898329669198 0.9999997560224203 -0.9998350069916841 -0.9999898329669198 1.0