1.0 0.9979563690055092 0.9979563690055092 -0.998146226757424 0.9998243710342989 0.9979563690055092 -0.9984222726562747
0.9979563690055092 1.0 1.0 -0.9999946889157365 0.9989498801053662 1.0 -0.9999697127497722
0.9979563690055092 1.0 1.0 -0.9999946889157365 0.9989498801053662 1.0 -0.9999697127497722
-0.998146226757424 -0.9999946889157365 -0.9999946889157365 1.0 -0.9990825455143445 -0.9999946889157365 0.9999878177824424
0.9998243710342989 0.9989498801053662 0.9989498801053662 -0.9990825455143445 1.0 0.9989498801053662 -0.9992760143874553
0.9979563690055092 1.0 1.0 -0.9999946889157365 0.9989498801053662 1.0 -0.9999697127497722
-0.9984222726562747 -0.9999697127497722 -0.9999697127497722 0.9999878177824424 -0.9992760143874553 -0.9999697127497722 1.0