1.0 0.9981927827318386 0.9981927827318386 -0.9983588333019142 0.9998319363184772 0.9981927827318386 -0.9985869822104495
0.9981927827318386 1.0 1.0 -0.9999891293877171 0.9991072175851489 1.0 -0.9999753796388107
0.9981927827318386 1.0 1.0 -0.9999891293877171 0.9991072175851489 1.0 -0.9999753796388107
-0.9983588333019142 -0.9999891293877171 -0.9999891293877171 1.0 -0.9992175645051734 -0.9999891293877171 0.9999835665318013
0.9998319363184772 0.9991072175851489 0.9991072175851489 -0.9992175645051734 1.0 0.9991072175851489 -0.9993783598009459
0.9981927827318386 1.0 1.0 -0.9999891293877171 0.9991072175851489 1.0 -0.9999753796388107
-0.9985869822104495 -0.9999753796388107 -0.9999753796388107 0.9999835665318013 -0.9993783598009459 -0.9999753796388107 1.0