1.0 0.9991003520181643 0.9991003520181643 -0.9992709226454096 0.9999070082519811 0.9991003520181643 -0.9992811848685926
0.9991003520181643 1.0 1.0 -0.9999844857348735 0.9995752360461542 1.0 -0.9999893687689562
0.9991003520181643 1.0 1.0 -0.9999844857348735 0.9995752360461542 1.0 -0.9999893687689562
-0.9992709226454096 -0.9999844857348735 -0.9999844857348735 1.0 -0.9996835674757235 -0.9999844857348735 0.9999920199696312
0.9999070082519811 0.9995752360461542 0.9995752360461542 -0.9996835674757235 1.0 0.9995752360461542 -0.9996979444576535
0.9991003520181643 1.0 1.0 -0.9999844857348735 0.9995752360461542 1.0 -0.9999893687689562
-0.9992811848685926 -0.9999893687689562 -0.9999893687689562 0.9999920199696312 -0.9996979444576535 -0.9999893687689562 1.0