1.0 -0.45100679380065567 -0.2943161981110743 0.147023050230764 0.9991480739801283 -0.1588866413797343 -0.3932399913236315
-0.45100679380065567 1.0 0.9651417284200542 -0.8086995772145568 -0.436473446386698 0.888126527909669 -0.5415677557821011
-0.2943161981110743 0.9651417284200542 1.0 -0.9044254237569858 -0.27826392855762816 0.9695078016384236 -0.7106616443555921
0.147023050230764 -0.8086995772145568 -0.9044254237569858 1.0 0.12979462511747372 -0.9509953231303905 0.8284155225449
0.9991480739801283 -0.436473446386698 -0.27826392855762816 0.12979462511747372 1.0 -0.1405647884486644 -0.4110348710891362
-0.1588866413797343 0.888126527909669 0.9695078016384236 -0.9509953231303905 -0.1405647884486644 1.0 -0.8333328366537528
-0.3932399913236315 -0.5415677557821011 -0.7106616443555921 0.8284155225449 -0.4110348710891362 -0.8333328366537528 1.0