1.0 -1.0 -1.0 0.9999999904685064 0.9999998173596615 -1.0 0.9999999879895861
-1.0 1.0 1.0 -0.9999999904685063 -0.9999998173596614 1.0 -0.9999999879895863
-1.0 1.0 1.0 -0.9999999904685063 -0.9999998173596614 1.0 -0.9999999879895863
0.9999999904685064 -0.9999999904685063 -0.9999999904685063 1.0 0.9999998912748006 -0.9999999904685063 0.9999999570592909
0.9999998173596615 -0.9999998173596614 -0.9999998173596614 0.9999998912748006 1.0 -0.9999998173596614 0.9999997116777852
-1.0 1.0 1.0 -0.9999999904685063 -0.9999998173596614 1.0 -0.9999999879895863
0.9999999879895861 -0.9999999879895863 -0.9999999879895863 0.9999999570592909 0.9999997116777852 -0.9999999879895863 1.0