1.0 -0.9999784214482803 -0.9999784214482803 0.9999181844741083 0.9999006169001634 -0.9999784214482803 0.9999869781672697
-0.9999784214482803 1.0 1.0 -0.9999806370463863 -0.9999715998682911 1.0 -0.9999989149212747
-0.9999784214482803 1.0 1.0 -0.9999806370463863 -0.9999715998682911 1.0 -0.9999989149212747
0.9999181844741083 -0.9999806370463863 -0.9999806370463863 1.0 0.9999990850303584 -0.9999806370463863 0.9999704058622143
0.9999006169001634 -0.9999715998682911 -0.9999715998682911 0.9999990850303584 1.0 -0.9999715998682911 0.999959414822265
-0.9999784214482803 1.0 1.0 -0.9999806370463863 -0.9999715998682911 1.0 -0.9999989149212747
0.9999869781672697 -0.9999989149212747 -0.9999989149212747 0.9999704058622143 0.999959414822265 -0.9999989149212747 1.0