1.0 -0.9851742891869013 -0.9851742891869013 0.9852030787593974 0.9998707662734789 -0.9851742891869013 0.9336027706098725
-0.9851742891869013 1.0 1.0 -0.9999508814724479 -0.9851138258231604 1.0 -0.9811131946824628
-0.9851742891869013 1.0 1.0 -0.9999508814724479 -0.9851138258231604 1.0 -0.9811131946824628
0.9852030787593974 -0.9999508814724479 -0.9999508814724479 1.0 0.9852664260555836 -0.9999508814724479 0.9807835279382838
0.9998707662734789 -0.9851138258231604 -0.9851138258231604 0.9852664260555836 1.0 -0.9851138258231604 0.9332850988056777
-0.9851742891869013 1.0 1.0 -0.9999508814724479 -0.9851138258231604 1.0 -0.9811131946824628
0.9336027706098725 -0.9811131946824628 -0.9811131946824628 0.9807835279382838 0.9332850988056777 -0.9811131946824628 1.0