1.0 -0.9857563595842844 -0.9857563595842844 0.9858288871046604 0.9998699721278437 -0.9857563595842844 0.939523799542725
-0.9857563595842844 1.0 1.0 -0.9999514766949394 -0.9859291771423387 1.0 -0.9836392674314336
-0.9857563595842844 1.0 1.0 -0.9999514766949394 -0.9859291771423387 1.0 -0.9836392674314336
0.9858288871046604 -0.9999514766949394 -0.9999514766949394 1.0 0.986123428248356 -0.9999514766949394 0.9832870733694576
0.9998699721278437 -0.9859291771423387 -0.9859291771423387 0.986123428248356 1.0 -0.9859291771423387 0.939707456832788
-0.9857563595842844 1.0 1.0 -0.9999514766949394 -0.9859291771423387 1.0 -0.9836392674314336
0.939523799542725 -0.9836392674314336 -0.9836392674314336 0.9832870733694576 0.939707456832788 -0.9836392674314336 1.0