1.0 -0.9851335310079699 -0.9851335310079699 0.9850866436983076 0.9998779481745926 -0.9851335310079699 0.9296088493537915
-0.9851335310079699 1.0 1.0 -0.9999509007505758 -0.9847370146761563 1.0 -0.9789659515168133
-0.9851335310079699 1.0 1.0 -0.9999509007505758 -0.9847370146761563 1.0 -0.9789659515168133
0.9850866436983076 -0.9999509007505758 -0.9999509007505758 1.0 0.9848200569466713 -0.9999509007505758 0.9786991460169164
0.9998779481745926 -0.9847370146761563 -0.9847370146761563 0.9848200569466713 1.0 -0.9847370146761563 0.9285449264718583
-0.9851335310079699 1.0 1.0 -0.9999509007505758 -0.9847370146761563 1.0 -0.9789659515168133
0.9296088493537915 -0.9789659515168133 -0.9789659515168133 0.9786991460169164 0.9285449264718583 -0.9789659515168133 1.0