1.0 -0.9914687251558677 -0.9914687251558677 0.9913690100159049 0.9997844157066649 -0.9914687251558677 0.966631698638292
-0.9914687251558677 1.0 1.0 -0.9999284183384083 -0.9911649508577903 1.0 -0.9916627136528604
-0.9914687251558677 1.0 1.0 -0.9999284183384083 -0.9911649508577903 1.0 -0.9916627136528604
0.9913690100159049 -0.9999284183384083 -0.9999284183384083 1.0 0.9912673717050028 -0.9999284183384083 0.9913717537194642
0.9997844157066649 -0.9911649508577903 -0.9911649508577903 0.9912673717050028 1.0 -0.9911649508577903 0.9658678013574011
-0.9914687251558677 1.0 1.0 -0.9999284183384083 -0.9911649508577903 1.0 -0.9916627136528604
0.966631698638292 -0.9916627136528604 -0.9916627136528604 0.9913717537194642 0.9658678013574011 -0.9916627136528604 1.0