1.0 -0.9899449753497294 -0.9899449753497294 0.9897376315247209 0.999747236209772 -0.9899449753497294 0.96312553060487
-0.9899449753497294 1.0 1.0 -0.9999451995687413 -0.9897481918916072 1.0 -0.9914252799015577
-0.9899449753497294 1.0 1.0 -0.9999451995687413 -0.9897481918916072 1.0 -0.9914252799015577
0.9897376315247209 -0.9999451995687413 -0.9999451995687413 1.0 0.9897185243389399 -0.9999451995687413 0.9913404397374158
0.999747236209772 -0.9897481918916072 -0.9897481918916072 0.9897185243389399 1.0 -0.9897481918916072 0.9626634780483064
-0.9899449753497294 1.0 1.0 -0.9999451995687413 -0.9897481918916072 1.0 -0.9914252799015577
0.96312553060487 -0.9914252799015577 -0.9914252799015577 0.9913404397374158 0.9626634780483064 -0.9914252799015577 1.0