1.0 -0.9822069786427587 -0.9822069786427587 0.9826923007832511 0.9995328455203201 -0.9822069786427587 0.9380269461326011
-0.9822069786427587 1.0 1.0 -0.999921481763557 -0.9793249178443793 1.0 -0.9863102462022657
-0.9822069786427587 1.0 1.0 -0.999921481763557 -0.9793249178443793 1.0 -0.9863102462022657
0.9826923007832511 -0.999921481763557 -0.999921481763557 1.0 0.9801553333040088 -0.999921481763557 0.985500397062658
0.9995328455203201 -0.9793249178443793 -0.9793249178443793 0.9801553333040088 1.0 -0.9793249178443793 0.932592157473964
-0.9822069786427587 1.0 1.0 -0.999921481763557 -0.9793249178443793 1.0 -0.9863102462022657
0.9380269461326011 -0.9863102462022657 -0.9863102462022657 0.985500397062658 0.932592157473964 -0.9863102462022657 1.0