1.0 -0.9926562907435836 -0.9926562907435836 0.9927475002346098 0.9997521328716541 -0.9926562907435836 0.9697080799344703
-0.9926562907435836 1.0 1.0 -0.9999356705557506 -0.992028957923699 1.0 -0.9920179028175514
-0.9926562907435836 1.0 1.0 -0.9999356705557506 -0.992028957923699 1.0 -0.9920179028175514
0.9927475002346098 -0.9999356705557506 -0.9999356705557506 1.0 0.9923405707138625 -0.9999356705557506 0.9915533062964211
0.9997521328716541 -0.992028957923699 -0.992028957923699 0.9923405707138625 1.0 -0.992028957923699 0.968261042828863
-0.9926562907435836 1.0 1.0 -0.9999356705557506 -0.992028957923699 1.0 -0.9920179028175514
0.9697080799344703 -0.9920179028175514 -0.9920179028175514 0.9915533062964211 0.968261042828863 -0.9920179028175514 1.0