1.0 -0.9882312507332418 -0.9882312507332418 0.9874480604470354 0.9996957381494903 -0.9882312507332418 0.9549785921521864
-0.9882312507332418 1.0 1.0 -0.9999100727455118 -0.9881446490577446 1.0 -0.988969348731332
-0.9882312507332418 1.0 1.0 -0.9999100727455118 -0.9881446490577446 1.0 -0.988969348731332
0.9874480604470354 -0.9999100727455118 -0.9999100727455118 1.0 0.9876456364416312 -0.9999100727455118 0.9892441292564358
0.9996957381494903 -0.9881446490577446 -0.9881446490577446 0.9876456364416312 1.0 -0.9881446490577446 0.9545337962215297
-0.9882312507332418 1.0 1.0 -0.9999100727455118 -0.9881446490577446 1.0 -0.988969348731332
0.9549785921521864 -0.988969348731332 -0.988969348731332 0.9892441292564358 0.9545337962215297 -0.988969348731332 1.0