1.0 -0.9924949536407135 -0.9924949536407135 0.992651301918695 0.9997551418175333 -0.9924949536407135 0.9664020869433513
-0.9924949536407135 1.0 1.0 -0.9999619659778977 -0.9919592910853737 1.0 -0.9904912436409319
-0.9924949536407135 1.0 1.0 -0.9999619659778977 -0.9919592910853737 1.0 -0.9904912436409319
0.992651301918695 -0.9999619659778977 -0.9999619659778977 1.0 0.9922592664667855 -0.9999619659778977 0.9900803615717867
0.9997551418175333 -0.9919592910853737 -0.9919592910853737 0.9922592664667855 1.0 -0.9919592910853737 0.9651784610911814
-0.9924949536407135 1.0 1.0 -0.9999619659778977 -0.9919592910853737 1.0 -0.9904912436409319
0.9664020869433513 -0.9904912436409319 -0.9904912436409319 0.9900803615717867 0.9651784610911814 -0.9904912436409319 1.0