1.0 -0.9892088150225798 -0.9892088150225798 0.9888570442452791 0.9998026416123947 -0.9892088150225798 0.9571437406471592
-0.9892088150225798 1.0 1.0 -0.99995282827463 -0.9897168268436856 1.0 -0.9891640812193081
-0.9892088150225798 1.0 1.0 -0.99995282827463 -0.9897168268436856 1.0 -0.9891640812193081
0.9888570442452791 -0.99995282827463 -0.99995282827463 1.0 0.9895319722887329 -0.99995282827463 0.989251368741147
0.9998026416123947 -0.9897168268436856 -0.9897168268436856 0.9895319722887329 1.0 -0.9897168268436856 0.9580243821974648
-0.9892088150225798 1.0 1.0 -0.99995282827463 -0.9897168268436856 1.0 -0.9891640812193081
0.9571437406471592 -0.9891640812193081 -0.9891640812193081 0.989251368741147 0.9580243821974648 -0.9891640812193081 1.0