1.0 -0.9885533758575068 -0.9885533758575068 0.9884942165124816 0.9996747141108552 -0.9885533758575068 0.9525318570870264
-0.9885533758575068 1.0 1.0 -0.9999249551413862 -0.9874626272521358 1.0 -0.9874183616997888
-0.9885533758575068 1.0 1.0 -0.9999249551413862 -0.9874626272521358 1.0 -0.9874183616997888
0.9884942165124816 -0.9999249551413862 -0.9999249551413862 1.0 0.987682892294754 -0.9999249551413862 0.9870418514608942
0.9996747141108552 -0.9874626272521358 -0.9874626272521358 0.987682892294754 1.0 -0.9874626272521358 0.9501053366192291
-0.9885533758575068 1.0 1.0 -0.9999249551413862 -0.9874626272521358 1.0 -0.9874183616997888
0.9525318570870264 -0.9874183616997888 -0.9874183616997888 0.9870418514608942 0.9501053366192291 -0.9874183616997888 1.0