1.0 -0.9914345719215277 -0.9914345719215277 0.9913259968283363 0.9996906600280088 -0.9914345719215277 0.9660004044959213
-0.9914345719215277 1.0 1.0 -0.9999087511225091 -0.9907263230351637 1.0 -0.9913217786190676
-0.9914345719215277 1.0 1.0 -0.9999087511225091 -0.9907263230351637 1.0 -0.9913217786190676
0.9913259968283363 -0.9999087511225091 -0.9999087511225091 1.0 0.990919180193523 -0.9999087511225091 0.9909015621083064
0.9996906600280088 -0.9907263230351637 -0.9907263230351637 0.990919180193523 1.0 -0.9907263230351637 0.9643117871505708
-0.9914345719215277 1.0 1.0 -0.9999087511225091 -0.9907263230351637 1.0 -0.9913217786190676
0.9660004044959213 -0.9913217786190676 -0.9913217786190676 0.9909015621083064 0.9643117871505708 -0.9913217786190676 1.0