1.0 -0.990381599057537 -0.990381599057537 0.9901630547705287 0.9997176285061745 -0.990381599057537 0.9594944838740675
-0.990381599057537 1.0 1.0 -0.9999247789349939 -0.9903324891107355 1.0 -0.9891122180184414
-0.990381599057537 1.0 1.0 -0.9999247789349939 -0.9903324891107355 1.0 -0.9891122180184414
0.9901630547705287 -0.9999247789349939 -0.9999247789349939 1.0 0.9903677837317733 -0.9999247789349939 0.9889079837157647
0.9997176285061745 -0.9903324891107355 -0.9903324891107355 0.9903677837317733 1.0 -0.9903324891107355 0.9591971013405243
-0.990381599057537 1.0 1.0 -0.9999247789349939 -0.9903324891107355 1.0 -0.9891122180184414
0.9594944838740675 -0.9891122180184414 -0.9891122180184414 0.9889079837157647 0.9591971013405243 -0.9891122180184414 1.0