1.0 -0.9911991019444519 -0.9911991019444519 0.9912699022495186 0.9997910037233878 -0.9911991019444519 0.9655247667645577
-0.9911991019444519 1.0 1.0 -0.9999508148177711 -0.9905132448690822 1.0 -0.9914071659082104
-0.9911991019444519 1.0 1.0 -0.9999508148177711 -0.9905132448690822 1.0 -0.9914071659082104
0.9912699022495186 -0.9999508148177711 -0.9999508148177711 1.0 0.990743294768649 -0.9999508148177711 0.9910705405280369
0.9997910037233878 -0.9905132448690822 -0.9905132448690822 0.990743294768649 1.0 -0.9905132448690822 0.9640778291183542
-0.9911991019444519 1.0 1.0 -0.9999508148177711 -0.9905132448690822 1.0 -0.9914071659082104
0.9655247667645577 -0.9914071659082104 -0.9914071659082104 0.9910705405280369 0.9640778291183542 -0.9914071659082104 1.0