1.0 -0.9933593996973796 -0.9933593996973796 0.9931456389080279 0.9997852136457629 -0.9933593996973796 0.9766275266078057
-0.9933593996973796 1.0 1.0 -0.9999364553985803 -0.9926265388887248 1.0 -0.994774320822909
-0.9933593996973796 1.0 1.0 -0.9999364553985803 -0.9926265388887248 1.0 -0.994774320822909
0.9931456389080279 -0.9999364553985803 -0.9999364553985803 1.0 0.9925998001813288 -0.9999364553985803 0.9946338917492212
0.9997852136457629 -0.9926265388887248 -0.9926265388887248 0.9925998001813288 1.0 -0.9926265388887248 0.9751049324146359
-0.9933593996973796 1.0 1.0 -0.9999364553985803 -0.9926265388887248 1.0 -0.994774320822909
0.9766275266078057 -0.994774320822909 -0.994774320822909 0.9946338917492212 0.9751049324146359 -0.994774320822909 1.0