1.0 -0.9904428398555505 -0.9904428398555505 0.9904376929396196 0.9997461040934679 -0.9904428398555505 0.9610152206751857
-0.9904428398555505 1.0 1.0 -0.999944339235948 -0.9895742465912745 1.0 -0.989875231021647
-0.9904428398555505 1.0 1.0 -0.999944339235948 -0.9895742465912745 1.0 -0.989875231021647
0.9904376929396196 -0.999944339235948 -0.999944339235948 1.0 0.9897761622445177 -0.999944339235948 0.9895711613364403
0.9997461040934679 -0.9895742465912745 -0.9895742465912745 0.9897761622445177 1.0 -0.9895742465912745 0.9591513753633083
-0.9904428398555505 1.0 1.0 -0.999944339235948 -0.9895742465912745 1.0 -0.989875231021647
0.9610152206751857 -0.989875231021647 -0.989875231021647 0.9895711613364403 0.9591513753633083 -0.989875231021647 1.0