1.0 -0.9890223374293134 -0.9890223374293134 0.9884143477986714 0.9995466105123855 -0.9890223374293134 0.9600688908902184
-0.9890223374293134 1.0 1.0 -0.9998808157612207 -0.988193887176733 1.0 -0.9906632479419182
-0.9890223374293134 1.0 1.0 -0.9998808157612207 -0.988193887176733 1.0 -0.9906632479419182
0.9884143477986714 -0.9998808157612207 -0.9998808157612207 1.0 0.987979914918219 -0.9998808157612207 0.9905735255220305
0.9995466105123855 -0.988193887176733 -0.988193887176733 0.987979914918219 1.0 -0.988193887176733 0.9581370814136732
-0.9890223374293134 1.0 1.0 -0.9998808157612207 -0.988193887176733 1.0 -0.9906632479419182
0.9600688908902184 -0.9906632479419182 -0.9906632479419182 0.9905735255220305 0.9581370814136732 -0.9906632479419182 1.0