1.0 -0.9923519047626717 -0.9923519047626717 0.9923602349082022 0.999798752085115 -0.9923519047626717 0.9719227857836527
-0.9923519047626717 1.0 1.0 -0.9999377969757844 -0.9921933244512136 1.0 -0.993446913557953
-0.9923519047626717 1.0 1.0 -0.9999377969757844 -0.9921933244512136 1.0 -0.993446913557953
0.9923602349082022 -0.9999377969757844 -0.9999377969757844 1.0 0.9923813836795325 -0.9999377969757844 0.9931207246248486
0.999798752085115 -0.9921933244512136 -0.9921933244512136 0.9923813836795325 1.0 -0.9921933244512136 0.9714826525772597
-0.9923519047626717 1.0 1.0 -0.9999377969757844 -0.9921933244512136 1.0 -0.993446913557953
0.9719227857836527 -0.993446913557953 -0.993446913557953 0.9931207246248486 0.9714826525772597 -0.993446913557953 1.0