1.0 -0.9913510777318292 -0.9913510777318292 0.9914880111205239 0.9997212890795749 -0.9913510777318292 0.9640207632027832
-0.9913510777318292 1.0 1.0 -0.9999256464909739 -0.9905445701336845 1.0 -0.9904591506732979
-0.9913510777318292 1.0 1.0 -0.9999256464909739 -0.9905445701336845 1.0 -0.9904591506732979
0.9914880111205239 -0.9999256464909739 -0.9999256464909739 1.0 0.9909370918429333 -0.9999256464909739 0.9899138494083273
0.9997212890795749 -0.9905445701336845 -0.9905445701336845 0.9909370918429333 1.0 -0.9905445701336845 0.9622333847658283
-0.9913510777318292 1.0 1.0 -0.9999256464909739 -0.9905445701336845 1.0 -0.9904591506732979
0.9640207632027832 -0.9904591506732979 -0.9904591506732979 0.9899138494083273 0.9622333847658283 -0.9904591506732979 1.0