1.0 -0.9899624860507601 -0.9899624860507601 0.9898706629945336 0.999788116733602 -0.9899624860507601 0.9629141772466235
-0.9899624860507601 1.0 1.0 -0.9999631475524746 -0.9892974955778238 1.0 -0.9913124154480366
-0.9899624860507601 1.0 1.0 -0.9999631475524746 -0.9892974955778238 1.0 -0.9913124154480366
0.9898706629945336 -0.9999631475524746 -0.9999631475524746 1.0 0.9893401336968367 -0.9999631475524746 0.9911926506270636
0.999788116733602 -0.9892974955778238 -0.9892974955778238 0.9893401336968367 1.0 -0.9892974955778238 0.9615655246644063
-0.9899624860507601 1.0 1.0 -0.9999631475524746 -0.9892974955778238 1.0 -0.9913124154480366
0.9629141772466235 -0.9913124154480366 -0.9913124154480366 0.9911926506270636 0.9615655246644063 -0.9913124154480366 1.0