1.0 -0.9875766255713202 -0.9875766255713202 0.9878476474522585 0.9997808083392651 -0.9875766255713202 0.9502446273749562
-0.9875766255713202 1.0 1.0 -0.999953607613109 -0.9876298589347834 1.0 -0.9873060423095614
-0.9875766255713202 1.0 1.0 -0.999953607613109 -0.9876298589347834 1.0 -0.9873060423095614
0.9878476474522585 -0.999953607613109 -0.999953607613109 1.0 0.9880539601602961 -0.999953607613109 0.9867793492476272
0.9997808083392651 -0.9876298589347834 -0.9876298589347834 0.9880539601602961 1.0 -0.9876298589347834 0.9502411553567991
-0.9875766255713202 1.0 1.0 -0.999953607613109 -0.9876298589347834 1.0 -0.9873060423095614
0.9502446273749562 -0.9873060423095614 -0.9873060423095614 0.9867793492476272 0.9502411553567991 -0.9873060423095614 1.0