1.0 -0.9911887954809934 -0.9911887954809934 0.9908494558282006 0.9996815820909145 -0.9911887954809934 0.9671121868476057
-0.9911887954809934 1.0 1.0 -0.9999353966847587 -0.9909602536500799 1.0 -0.9921805966131306
-0.9911887954809934 1.0 1.0 -0.9999353966847587 -0.9909602536500799 1.0 -0.9921805966131306
0.9908494558282006 -0.9999353966847587 -0.9999353966847587 1.0 0.99086897812317 -0.9999353966847587 0.9921581746989281
0.9996815820909145 -0.9909602536500799 -0.9909602536500799 0.99086897812317 1.0 -0.9909602536500799 0.9665116375332637
-0.9911887954809934 1.0 1.0 -0.9999353966847587 -0.9909602536500799 1.0 -0.9921805966131306
0.9671121868476057 -0.9921805966131306 -0.9921805966131306 0.9921581746989281 0.9665116375332637 -0.9921805966131306 1.0