1.0 -0.9938981699850427 -0.9938981699850427 0.9935400956518314 0.9996619542873183 -0.9938981699850427 0.9770221890242387
-0.9938981699850427 1.0 1.0 -0.9999133749457179 -0.9934023398032483 1.0 -0.9944393851084957
-0.9938981699850427 1.0 1.0 -0.9999133749457179 -0.9934023398032483 1.0 -0.9944393851084957
0.9935400956518314 -0.9999133749457179 -0.9999133749457179 1.0 0.9933238966258258 -0.9999133749457179 0.9943224192784178
0.9996619542873183 -0.9934023398032483 -0.9934023398032483 0.9933238966258258 1.0 -0.9934023398032483 0.9758540209017684
-0.9938981699850427 1.0 1.0 -0.9999133749457179 -0.9934023398032483 1.0 -0.9944393851084957
0.9770221890242387 -0.9944393851084957 -0.9944393851084957 0.9943224192784178 0.9758540209017684 -0.9944393851084957 1.0