1.0 -0.9897413840458016 -0.9897413840458016 0.9896173934926068 0.9998332905634838 -0.9897413840458016 0.9627535521491811
-0.9897413840458016 1.0 1.0 -0.9999456767858206 -0.989221904521567 1.0 -0.991433210012736
-0.9897413840458016 1.0 1.0 -0.9999456767858206 -0.989221904521567 1.0 -0.991433210012736
0.9896173934926068 -0.9999456767858206 -0.9999456767858206 1.0 0.9892512547833604 -0.9999456767858206 0.9912773630637721
0.9998332905634838 -0.989221904521567 -0.989221904521567 0.9892512547833604 1.0 -0.989221904521567 0.9616619187741922
-0.9897413840458016 1.0 1.0 -0.9999456767858206 -0.989221904521567 1.0 -0.991433210012736
0.9627535521491811 -0.991433210012736 -0.991433210012736 0.9912773630637721 0.9616619187741922 -0.991433210012736 1.0