1.0 -0.9877777152868831 -0.9877777152868831 0.9881380627750748 0.9996521313312078 -0.9877777152868831 0.9486518779352469
-0.9877777152868831 1.0 1.0 -0.9999275478271221 -0.9855694603172596 1.0 -0.9862442315870266
-0.9877777152868831 1.0 1.0 -0.9999275478271221 -0.9855694603172596 1.0 -0.9862442315870266
0.9881380627750748 -0.9999275478271221 -0.9999275478271221 1.0 0.9862074890183747 -0.9999275478271221 0.9854660428156002
0.9996521313312078 -0.9855694603172596 -0.9855694603172596 0.9862074890183747 1.0 -0.9855694603172596 0.9440775903744858
-0.9877777152868831 1.0 1.0 -0.9999275478271221 -0.9855694603172596 1.0 -0.9862442315870266
0.9486518779352469 -0.9862442315870266 -0.9862442315870266 0.9854660428156002 0.9440775903744858 -0.9862442315870266 1.0