1.0 -0.9894122836300143 -0.9894122836300143 0.9893842163371848 0.9997110856969404 -0.9894122836300143 0.9581649276839935
-0.9894122836300143 1.0 1.0 -0.9999294082330287 -0.9885755049542031 1.0 -0.9894387543050434
-0.9894122836300143 1.0 1.0 -0.9999294082330287 -0.9885755049542031 1.0 -0.9894387543050434
0.9893842163371848 -0.9999294082330287 -0.9999294082330287 1.0 0.9887854731016854 -0.9999294082330287 0.9890746569282218
0.9997110856969404 -0.9885755049542031 -0.9885755049542031 0.9887854731016854 1.0 -0.9885755049542031 0.9563396658620549
-0.9894122836300143 1.0 1.0 -0.9999294082330287 -0.9885755049542031 1.0 -0.9894387543050434
0.9581649276839935 -0.9894387543050434 -0.9894387543050434 0.9890746569282218 0.9563396658620549 -0.9894387543050434 1.0