1.0 -0.9896961559089175 -0.9896961559089175 0.9894870491906432 0.99980006547045 -0.9896961559089175 0.9562724724739272
-0.9896961559089175 1.0 1.0 -0.9999493289441681 -0.9895600860441555 1.0 -0.9882134316173478
-0.9896961559089175 1.0 1.0 -0.9999493289441681 -0.9895600860441555 1.0 -0.9882134316173478
0.9894870491906432 -0.9999493289441681 -0.9999493289441681 1.0 0.9895284610667705 -0.9999493289441681 0.9881519482411605
0.99980006547045 -0.9895600860441555 -0.9895600860441555 0.9895284610667705 1.0 -0.9895600860441555 0.9558700091909665
-0.9896961559089175 1.0 1.0 -0.9999493289441681 -0.9895600860441555 1.0 -0.9882134316173478
0.9562724724739272 -0.9882134316173478 -0.9882134316173478 0.9881519482411605 0.9558700091909665 -0.9882134316173478 1.0