1.0 -0.9933640324065961 -0.9933640324065961 0.993258245722241 0.9997303739997384 -0.9933640324065961 0.975168478124571
-0.9933640324065961 1.0 1.0 -0.9999469867364872 -0.9926963564169943 1.0 -0.994083300823836
-0.9933640324065961 1.0 1.0 -0.9999469867364872 -0.9926963564169943 1.0 -0.994083300823836
0.993258245722241 -0.9999469867364872 -0.9999469867364872 1.0 0.9927676703359944 -0.9999469867364872 0.9939006010815425
0.9997303739997384 -0.9926963564169943 -0.9926963564169943 0.9927676703359944 1.0 -0.9926963564169943 0.9737830998794431
-0.9933640324065961 1.0 1.0 -0.9999469867364872 -0.9926963564169943 1.0 -0.994083300823836
0.975168478124571 -0.994083300823836 -0.994083300823836 0.9939006010815425 0.9737830998794431 -0.994083300823836 1.0