1.0 -0.987756031636596 -0.987756031636596 0.9883914857124367 0.9996547567807335 -0.987756031636596 0.9478178211949145
-0.987756031636596 1.0 1.0 -0.999934102079828 -0.985319147039973 1.0 -0.9858576900631343
-0.987756031636596 1.0 1.0 -0.999934102079828 -0.985319147039973 1.0 -0.9858576900631343
0.9883914857124367 -0.999934102079828 -0.999934102079828 1.0 0.9862156351298639 -0.999934102079828 0.984845310831288
0.9996547567807335 -0.985319147039973 -0.985319147039973 0.9862156351298639 1.0 -0.985319147039973 0.942816671001591
-0.987756031636596 1.0 1.0 -0.999934102079828 -0.985319147039973 1.0 -0.9858576900631343
0.9478178211949145 -0.9858576900631343 -0.9858576900631343 0.984845310831288 0.942816671001591 -0.9858576900631343 1.0