1.0 -0.9913263492707403 -0.9913263492707403 0.9918687917502622 0.9997737675774292 -0.9913263492707403 0.9593051893212406
-0.9913263492707403 1.0 1.0 -0.9999497121089623 -0.9896232589266161 1.0 -0.9880251336783029
-0.9913263492707403 1.0 1.0 -0.9999497121089623 -0.9896232589266161 1.0 -0.9880251336783029
0.9918687917502622 -0.9999497121089623 -0.9999497121089623 1.0 0.9903433589195034 -0.9999497121089623 0.9871322403216861
0.9997737675774292 -0.9896232589266161 -0.9896232589266161 0.9903433589195034 1.0 -0.9896232589266161 0.9556496668250044
-0.9913263492707403 1.0 1.0 -0.9999497121089623 -0.9896232589266161 1.0 -0.9880251336783029
0.9593051893212406 -0.9880251336783029 -0.9880251336783029 0.9871322403216861 0.9556496668250044 -0.9880251336783029 1.0