1.0 -0.9917515814676681 -0.9917515814676681 0.9919593452301291 0.9997443837952404 -0.9917515814676681 0.9655611033691128
-0.9917515814676681 1.0 1.0 -0.9999269616924392 -0.990553133598411 1.0 -0.9908341461113466
-0.9917515814676681 1.0 1.0 -0.9999269616924392 -0.990553133598411 1.0 -0.9908341461113466
0.9919593452301291 -0.9999269616924392 -0.9999269616924392 1.0 0.9910035447371465 -0.9999269616924392 0.9902223482261667
0.9997443837952404 -0.990553133598411 -0.990553133598411 0.9910035447371465 1.0 -0.990553133598411 0.9629788607401574
-0.9917515814676681 1.0 1.0 -0.9999269616924392 -0.990553133598411 1.0 -0.9908341461113466
0.9655611033691128 -0.9908341461113466 -0.9908341461113466 0.9902223482261667 0.9629788607401574 -0.9908341461113466 1.0