1.0 -0.9930402398089678 -0.9930402398089678 0.9932091645578718 0.9997433061616127 -0.9930402398089678 0.9714406475683398
-0.9930402398089678 1.0 1.0 -0.9999314816899856 -0.9923466732131235 1.0 -0.9925101677596047
-0.9930402398089678 1.0 1.0 -0.9999314816899856 -0.9923466732131235 1.0 -0.9925101677596047
0.9932091645578718 -0.9999314816899856 -0.9999314816899856 1.0 0.9927464574890938 -0.9999314816899856 0.9919552226291192
0.9997433061616127 -0.9923466732131235 -0.9923466732131235 0.9927464574890938 1.0 -0.9923466732131235 0.9698676624640329
-0.9930402398089678 1.0 1.0 -0.9999314816899856 -0.9923466732131235 1.0 -0.9925101677596047
0.9714406475683398 -0.9925101677596047 -0.9925101677596047 0.9919552226291192 0.9698676624640329 -0.9925101677596047 1.0