1.0 -0.9914733697199839 -0.9914733697199839 0.9916131132078678 0.9997817797306601 -0.9914733697199839 0.9664937746751987
-0.9914733697199839 1.0 1.0 -0.9999249580151275 -0.9906606751458815 1.0 -0.9915801251536416
-0.9914733697199839 1.0 1.0 -0.9999249580151275 -0.9906606751458815 1.0 -0.9915801251536416
0.9916131132078678 -0.9999249580151275 -0.9999249580151275 1.0 0.9910097819472631 -0.9999249580151275 0.9910350207241377
0.9997817797306601 -0.9906606751458815 -0.9906606751458815 0.9910097819472631 1.0 -0.9906606751458815 0.9647218157343318
-0.9914733697199839 1.0 1.0 -0.9999249580151275 -0.9906606751458815 1.0 -0.9915801251536416
0.9664937746751987 -0.9915801251536416 -0.9915801251536416 0.9910350207241377 0.9647218157343318 -0.9915801251536416 1.0