1.0 -0.9928214301523305 -0.9928214301523305 0.9926563708914766 0.9997924499725014 -0.9928214301523305 0.9704790606379036
-0.9928214301523305 1.0 1.0 -0.9999460433805669 -0.9925157256562774 1.0 -0.9922663141385609
-0.9928214301523305 1.0 1.0 -0.9999460433805669 -0.9925157256562774 1.0 -0.9922663141385609
0.9926563708914766 -0.9999460433805669 -0.9999460433805669 1.0 0.9925273672546316 -0.9999460433805669 0.9921299055311247
0.9997924499725014 -0.9925157256562774 -0.9925157256562774 0.9925273672546316 1.0 -0.9925157256562774 0.969722256790843
-0.9928214301523305 1.0 1.0 -0.9999460433805669 -0.9925157256562774 1.0 -0.9922663141385609
0.9704790606379036 -0.9922663141385609 -0.9922663141385609 0.9921299055311247 0.969722256790843 -0.9922663141385609 1.0