1.0 0.9999999999999999 0.9999999999999999 -0.9999632188035662 0.9999962670447938 0.9999999999999999 -0.9999997046880477
0.9999999999999999 1.0 1.0 -0.9999632188035665 0.9999962670447936 1.0 -0.9999997046880478
0.9999999999999999 1.0 1.0 -0.9999632188035665 0.9999962670447936 1.0 -0.9999997046880478
-0.9999632188035662 -0.9999632188035665 -0.9999632188035665 1.0 -0.9999425108565171 -0.9999632188035665 0.9999606523461774
0.9999962670447938 0.9999962670447936 0.9999962670447936 -0.9999425108565171 1.0 0.9999962670447936 -0.9999974444549212
0.9999999999999999 1.0 1.0 -0.9999632188035665 0.9999962670447936 1.0 -0.9999997046880478
-0.9999997046880477 -0.9999997046880478 -0.9999997046880478 0.9999606523461774 -0.9999974444549212 -0.9999997046880478 1.0