1.0 0.9999999999999999 0.9999999999999999 -0.9999798237548368 0.9999992505320072 0.9999999999999999 -0.99999995487542
0.9999999999999999 1.0 1.0 -0.999979823754837 0.9999992505320072 1.0 -0.9999999548754197
0.9999999999999999 1.0 1.0 -0.999979823754837 0.9999992505320072 1.0 -0.9999999548754197
-0.9999798237548368 -0.999979823754837 -0.999979823754837 1.0 -0.9999712970809317 -0.999979823754837 0.9999778702964086
0.9999992505320072 0.9999992505320072 0.9999992505320072 -0.9999712970809317 1.0 0.9999992505320072 -0.9999995732085762
0.9999999999999999 1.0 1.0 -0.999979823754837 0.9999992505320072 1.0 -0.9999999548754197
-0.99999995487542 -0.9999999548754197 -0.9999999548754197 0.9999778702964086 -0.9999995732085762 -0.9999999548754197 1.0