1.0 1.0 1.0 -0.9999643620577197 0.9999991215891799 1.0 -0.9999997957260769
1.0 1.0 1.0 -0.9999643620577195 0.9999991215891799 1.0 -0.9999997957260769
1.0 1.0 1.0 -0.9999643620577195 0.9999991215891799 1.0 -0.9999997957260769
-0.9999643620577197 -0.9999643620577195 -0.9999643620577195 1.0 -0.9999736550599073 -0.9999643620577195 0.9999608581315079
0.9999991215891799 0.9999991215891799 0.9999991215891799 -0.9999736550599073 1.0 0.9999991215891799 -0.9999987258791595
1.0 1.0 1.0 -0.9999643620577195 0.9999991215891799 1.0 -0.9999997957260769
-0.9999997957260769 -0.9999997957260769 -0.9999997957260769 0.9999608581315079 -0.9999987258791595 -0.9999997957260769 1.0