1.0 0.9999999999999998 0.9999999999999998 -0.9999609410453028 0.9999930940232721 0.9999999999999998 -0.999999385515977
0.9999999999999998 1.0 1.0 -0.9999609410453029 0.9999930940232722 1.0 -0.9999993855159767
0.9999999999999998 1.0 1.0 -0.9999609410453029 0.9999930940232722 1.0 -0.9999993855159767
-0.9999609410453028 -0.9999609410453029 -0.9999609410453029 1.0 -0.9999317485764002 -0.9999609410453029 0.9999515434669678
0.9999930940232721 0.9999930940232722 0.9999930940232722 -0.9999317485764002 1.0 0.9999930940232722 -0.9999956066237772
0.9999999999999998 1.0 1.0 -0.9999609410453029 0.9999930940232722 1.0 -0.9999993855159767
-0.999999385515977 -0.9999993855159767 -0.9999993855159767 0.9999515434669678 -0.9999956066237772 -0.9999993855159767 1.0