1.0 1.0000000000000002 1.0000000000000002 -0.9999094262471881 0.9999939468694847 1.0000000000000002 -0.999999707346553
1.0000000000000002 1.0 1.0 -0.999909426247188 0.9999939468694852 1.0 -0.9999997073465526
1.0000000000000002 1.0 1.0 -0.999909426247188 0.9999939468694852 1.0 -0.9999997073465526
-0.9999094262471881 -0.999909426247188 -0.999909426247188 1.0 -0.9998581161034292 -0.999909426247188 0.9998992640462325
0.9999939468694847 0.9999939468694852 0.9999939468694852 -0.9998581161034292 1.0 0.9999939468694852 -0.9999963052311576
1.0000000000000002 1.0 1.0 -0.999909426247188 0.9999939468694852 1.0 -0.9999997073465526
-0.999999707346553 -0.9999997073465526 -0.9999997073465526 0.9998992640462325 -0.9999963052311576 -0.9999997073465526 1.0