1.0 0.9999999999999999 0.9999999999999999 -0.9999884377864082 0.9999998490452069 0.9999999999999999 -0.9999998900326352
0.9999999999999999 1.0 1.0 -0.9999884377864084 0.9999998490452066 1.0 -0.9999998900326353
0.9999999999999999 1.0 1.0 -0.9999884377864084 0.9999998490452066 1.0 -0.9999998900326353
-0.9999884377864082 -0.9999884377864084 -0.9999884377864084 1.0 -0.9999871126865943 -0.9999884377864084 0.9999866242577271
0.9999998490452069 0.9999998490452066 0.9999998490452066 -0.9999871126865943 1.0 0.9999998490452066 -0.9999999707027811
0.9999999999999999 1.0 1.0 -0.9999884377864084 0.9999998490452066 1.0 -0.9999998900326353
-0.9999998900326352 -0.9999998900326353 -0.9999998900326353 0.9999866242577271 -0.9999999707027811 -0.9999998900326353 1.0