1.0 1.0 1.0 -0.9998507053715562 0.9999933894976448 1.0 -0.9999992702971542
1.0 1.0 1.0 -0.9998507053715563 0.9999933894976447 1.0 -0.9999992702971543
1.0 1.0 1.0 -0.9998507053715563 0.9999933894976447 1.0 -0.9999992702971543
-0.9998507053715562 -0.9998507053715563 -0.9998507053715563 1.0 -0.9997828600917403 -0.9998507053715563 0.9998291706883723
0.9999933894976448 0.9999933894976447 0.9999933894976447 -0.9997828600917403 1.0 0.9999933894976447 -0.9999970067640829
1.0 1.0 1.0 -0.9998507053715563 0.9999933894976447 1.0 -0.9999992702971543
-0.9999992702971542 -0.9999992702971543 -0.9999992702971543 0.9998291706883723 -0.9999970067640829 -0.9999992702971543 1.0