1.0 1.0000000000000002 1.0000000000000002 -0.9999763809365724 0.9999974945818821 1.0000000000000002 -0.9999999876493535
1.0000000000000002 1.0 1.0 -0.9999763809365722 0.9999974945818823 1.0 -0.9999999876493536
1.0000000000000002 1.0 1.0 -0.9999763809365722 0.9999974945818823 1.0 -0.9999999876493536
-0.9999763809365724 -0.9999763809365722 -0.9999763809365722 1.0 -0.9999584905386019 -0.9999763809365722 0.9999752883876087
0.9999974945818821 0.9999974945818823 0.9999974945818823 -0.9999584905386019 1.0 0.9999974945818823 -0.9999978340465291
1.0000000000000002 1.0 1.0 -0.9999763809365722 0.9999974945818823 1.0 -0.9999999876493536
-0.9999999876493535 -0.9999999876493536 -0.9999999876493536 0.9999752883876087 -0.9999978340465291 -0.9999999876493536 1.0