1.0 1.0 1.0 -0.9998970265513966 0.999991196661377 1.0 -0.9999992247022729
1.0 1.0 1.0 -0.9998970265513963 0.999991196661377 1.0 -0.999999224702273
1.0 1.0 1.0 -0.9998970265513963 0.999991196661377 1.0 -0.999999224702273
-0.9998970265513966 -0.9998970265513963 -0.9998970265513963 1.0 -0.9998280091884427 -0.9998970265513963 0.9998783817012468
0.999991196661377 0.999991196661377 0.999991196661377 -0.9998280091884427 1.0 0.999991196661377 -0.9999956463779341
1.0 1.0 1.0 -0.9998970265513963 0.999991196661377 1.0 -0.999999224702273
-0.9999992247022729 -0.999999224702273 -0.999999224702273 0.9998783817012468 -0.9999956463779341 -0.999999224702273 1.0