1.0 0.9999999999999998 0.9999999999999998 -0.9999857401495242 0.9999950031381579 0.9999999999999998 -0.9999999501787208
0.9999999999999998 1.0 1.0 -0.9999857401495241 0.9999950031381578 1.0 -0.9999999501787208
0.9999999999999998 1.0 1.0 -0.9999857401495241 0.9999950031381578 1.0 -0.9999999501787208
-0.9999857401495242 -0.9999857401495241 -0.9999857401495241 1.0 -0.9999963900207798 -0.9999857401495241 0.9999873757664915
0.9999950031381579 0.9999950031381578 0.9999950031381578 -0.9999963900207798 1.0 0.9999950031381578 -0.9999958707753006
0.9999999999999998 1.0 1.0 -0.9999857401495241 0.9999950031381578 1.0 -0.9999999501787208
-0.9999999501787208 -0.9999999501787208 -0.9999999501787208 0.9999873757664915 -0.9999958707753006 -0.9999999501787208 1.0