1.0 -0.09021636903799415 0.4649398866302655 -0.8649663110999911 0.9999453354494541 0.9028721304814401 -0.9989078516970158
-0.09021636903799415 1.0 0.7868338765610643 0.2220364478589553 -0.09142376191669231 0.29468123593018664 0.04751525814187859
0.4649398866302655 0.7868338765610643 1.0 -0.2612930221230777 0.46186179516170933 0.7792849081771396 -0.49619158420510395
-0.8649663110999911 0.2220364478589553 -0.2612930221230777 1.0 -0.8644390958732555 -0.6617496291348157 0.8601040544654047
0.9999453354494541 -0.09142376191669231 0.46186179516170933 -0.8644390958732555 1.0 0.901915178399716 -0.9989416803335063
0.9028721304814401 0.29468123593018664 0.7792849081771396 -0.6617496291348157 0.901915178399716 1.0 -0.9160290697218686
-0.9989078516970158 0.04751525814187859 -0.49619158420510395 0.8601040544654047 -0.9989416803335063 -0.9160290697218686 1.0