1.0 -0.017953744076462035 0.48706206359325555 -0.8862300929404424 0.9999438861179833 0.9060965413581599 -0.9987436537605132
-0.017953744076462035 1.0 0.814398593358892 0.12909509050594004 -0.019231460692646907 0.3548527492553689 -0.027913302542256387
0.48706206359325555 0.814398593358892 1.0 -0.31384137097103726 0.4840036664406344 0.7902939927236968 -0.5201664297229021
-0.8862300929404424 0.12909509050594004 -0.31384137097103726 1.0 -0.8858970740292227 -0.6996516178578397 0.8826426137804119
0.9999438861179833 -0.019231460692646907 0.4840036664406344 -0.8858970740292227 1.0 0.9051098706271721 -0.9987845043897216
0.9060965413581599 0.3548527492553689 0.7902939927236968 -0.6996516178578397 0.9051098706271721 1.0 -0.9197719136976419
-0.9987436537605132 -0.027913302542256387 -0.5201664297229021 0.8826426137804119 -0.9987845043897216 -0.9197719136976419 1.0