1.0 -0.999463620011928 -0.999463620011928 0.9994561041841473 0.9999845743506838 -0.999463620011928 0.9978644092858558
-0.999463620011928 1.0 1.0 -0.9999869167992635 -0.999442594680797 1.0 -0.9994612324462971
-0.999463620011928 1.0 1.0 -0.9999869167992635 -0.999442594680797 1.0 -0.9994612324462971
0.9994561041841473 -0.9999869167992635 -0.9999869167992635 1.0 0.9994608252552006 -0.9999869167992635 0.999416929537411
0.9999845743506838 -0.999442594680797 -0.999442594680797 0.9994608252552006 1.0 -0.999442594680797 0.997808987470427
-0.999463620011928 1.0 1.0 -0.9999869167992635 -0.999442594680797 1.0 -0.9994612324462971
0.9978644092858558 -0.9994612324462971 -0.9994612324462971 0.999416929537411 0.997808987470427 -0.9994612324462971 1.0