1.0 -0.999440085665214 -0.999440085665214 0.9994478251449587 0.9999880557014821 -0.999440085665214 0.9977624220125629
-0.999440085665214 1.0 1.0 -0.9999886709867455 -0.9994286654849219 1.0 -0.9994351800637342
-0.999440085665214 1.0 1.0 -0.9999886709867455 -0.9994286654849219 1.0 -0.9994351800637342
0.9994478251449587 -0.9999886709867455 -0.9999886709867455 1.0 0.9994574297194494 -0.9999886709867455 0.9993834730137683
0.9999880557014821 -0.9994286654849219 -0.9994286654849219 0.9994574297194494 1.0 -0.9994286654849219 0.9977288999190895
-0.999440085665214 1.0 1.0 -0.9999886709867455 -0.9994286654849219 1.0 -0.9994351800637342
0.9977624220125629 -0.9994351800637342 -0.9994351800637342 0.9993834730137683 0.9977288999190895 -0.9994351800637342 1.0