1.0 -0.02738581842610631 0.48472973614997933 -0.8785195610156743 0.9999476610117738 0.9048509856254862 -0.9987144959243293
-0.02738581842610631 1.0 0.8110025193255198 0.16407004293458133 -0.027237916311268203 0.3512705424307217 -0.01951723647071561
0.48472973614997933 0.8110025193255198 1.0 -0.2857776602047297 0.4828508369252844 0.7896485260557963 -0.5189610891230046
-0.8785195610156743 0.16407004293458133 -0.2857776602047297 1.0 -0.8779562806491645 -0.6799330945748909 0.8734945568117518
0.9999476610117738 -0.027237916311268203 0.4828508369252844 -0.8779562806491645 1.0 0.9044974271092662 -0.9988031451618721
0.9048509856254862 0.3512705424307217 0.7896485260557963 -0.6799330945748909 0.9044974271092662 1.0 -0.9193554247804971
-0.9987144959243293 -0.01951723647071561 -0.5189610891230046 0.8734945568117518 -0.9988031451618721 -0.9193554247804971 1.0