1.0 -0.12612629009026685 0.42539594451264184 -0.8543419532846386 0.9999509587045835 0.8962956392073723 -0.9990474227724319
-0.12612629009026685 1.0 0.7882544559191237 0.2902256071350955 -0.12664974546418056 0.2743397401783668 0.0860971116767975
0.42539594451264184 0.7882544559191237 1.0 -0.18198851603015137 0.4228269843825652 0.7604114358972439 -0.45528580656829737
-0.8543419532846386 0.2902256071350955 -0.18198851603015137 1.0 -0.8537219019893605 -0.6254438472416628 0.8481210060735842
0.9999509587045835 -0.12664974546418056 0.4228269843825652 -0.8537219019893605 1.0 0.8956038153198682 -0.9990968050662715
0.8962956392073723 0.2743397401783668 0.7604114358972439 -0.6254438472416628 0.8956038153198682 1.0 -0.9092998093478818
-0.9990474227724319 0.0860971116767975 -0.45528580656829737 0.8481210060735842 -0.9990968050662715 -0.9092998093478818 1.0