1.0 -0.995247713672988 -0.995247713672988 0.9949249553198102 0.9998681315946105 -0.995247713672988 0.9817085403755157
-0.995247713672988 1.0 1.0 -0.9999114921141036 -0.9955627787560091 1.0 -0.9954980325092408
-0.995247713672988 1.0 1.0 -0.9999114921141036 -0.9955627787560091 1.0 -0.9954980325092408
0.9949249553198102 -0.9999114921141036 -0.9999114921141036 1.0 0.9954123689097161 -0.9999114921141036 0.99541078030127
0.9998681315946105 -0.9955627787560091 -0.9955627787560091 0.9954123689097161 1.0 -0.9955627787560091 0.9821942119489732
-0.995247713672988 1.0 1.0 -0.9999114921141036 -0.9955627787560091 1.0 -0.9954980325092408
0.9817085403755157 -0.9954980325092408 -0.9954980325092408 0.99541078030127 0.9821942119489732 -0.9954980325092408 1.0