1.0 -0.9926684872677167 -0.9926684872677167 0.9923454519827497 0.9998710920389619 -0.9926684872677167 0.968416420205732
-0.9926684872677167 1.0 1.0 -0.9998714854233702 -0.9929930891472553 1.0 -0.9913389653596165
-0.9926684872677167 1.0 1.0 -0.9998714854233702 -0.9929930891472553 1.0 -0.9913389653596165
0.9923454519827497 -0.9998714854233702 -0.9998714854233702 1.0 0.9928767888786567 -0.9998714854233702 0.9910948486703447
0.9998710920389619 -0.9929930891472553 -0.9929930891472553 0.9928767888786567 1.0 -0.9929930891472553 0.9689149496820436
-0.9926684872677167 1.0 1.0 -0.9998714854233702 -0.9929930891472553 1.0 -0.9913389653596165
0.968416420205732 -0.9913389653596165 -0.9913389653596165 0.9910948486703447 0.9689149496820436 -0.9913389653596165 1.0