1.0 -0.9956887655188321 -0.9956887655188321 0.9958789125917589 0.9998992684909928 -0.9956887655188321 0.981264494146478
-0.9956887655188321 1.0 1.0 -0.9999135354807952 -0.9953889210578212 1.0 -0.9948412322998081
-0.9956887655188321 1.0 1.0 -0.9999135354807952 -0.9953889210578212 1.0 -0.9948412322998081
0.9958789125917589 -0.9999135354807952 -0.9999135354807952 1.0 0.995676922525336 -0.9999135354807952 0.994271381992638
0.9998992684909928 -0.9953889210578212 -0.9953889210578212 0.995676922525336 1.0 -0.9953889210578212 0.9805691594718456
-0.9956887655188321 1.0 1.0 -0.9999135354807952 -0.9953889210578212 1.0 -0.9948412322998081
0.981264494146478 -0.9948412322998081 -0.9948412322998081 0.994271381992638 0.9805691594718456 -0.9948412322998081 1.0