1.0 -0.9973199959572007 -0.9973199959572007 0.9975077632389371 0.9998086723503835 -0.9973199959572007 0.9882047752194686
-0.9973199959572007 1.0 1.0 -0.9998399446637072 -0.9968701826499591 1.0 -0.996641637859169
-0.9973199959572007 1.0 1.0 -0.9998399446637072 -0.9968701826499591 1.0 -0.996641637859169
0.9975077632389371 -0.9998399446637072 -0.9998399446637072 1.0 0.9973658001483828 -0.9998399446637072 0.9957357700132518
0.9998086723503835 -0.9968701826499591 -0.9968701826499591 0.9973658001483828 1.0 -0.9968701826499591 0.9870794505625384
-0.9973199959572007 1.0 1.0 -0.9998399446637072 -0.9968701826499591 1.0 -0.996641637859169
0.9882047752194686 -0.996641637859169 -0.996641637859169 0.9957357700132518 0.9870794505625384 -0.996641637859169 1.0