1.0 -0.9959889018381259 -0.9959889018381259 0.9955826136474458 0.999866463485977 -0.9959889018381259 0.9843243681502082
-0.9959889018381259 1.0 1.0 -0.9999025635858736 -0.9962154820000472 1.0 -0.9960596485999758
-0.9959889018381259 1.0 1.0 -0.9999025635858736 -0.9962154820000472 1.0 -0.9960596485999758
0.9955826136474458 -0.9999025635858736 -0.9999025635858736 1.0 0.9959835446145127 -0.9999025635858736 0.9960219035787549
0.999866463485977 -0.9962154820000472 -0.9962154820000472 0.9959835446145127 1.0 -0.9962154820000472 0.9846328205474693
-0.9959889018381259 1.0 1.0 -0.9999025635858736 -0.9962154820000472 1.0 -0.9960596485999758
0.9843243681502082 -0.9960596485999758 -0.9960596485999758 0.9960219035787549 0.9846328205474693 -0.9960596485999758 1.0