1.0 -0.9954815060180522 -0.9954815060180522 0.9952060006026301 0.9998859632312735 -0.9954815060180522 0.9818115374934073
-0.9954815060180522 1.0 1.0 -0.9998818014697417 -0.9953242473324564 1.0 -0.9953052238604102
-0.9954815060180522 1.0 1.0 -0.9998818014697417 -0.9953242473324564 1.0 -0.9953052238604102
0.9952060006026301 -0.9998818014697417 -0.9998818014697417 1.0 0.9952093451608754 -0.9998818014697417 0.9950578579945666
0.9998859632312735 -0.9953242473324564 -0.9953242473324564 0.9952093451608754 1.0 -0.9953242473324564 0.9813651179578635
-0.9954815060180522 1.0 1.0 -0.9998818014697417 -0.9953242473324564 1.0 -0.9953052238604102
0.9818115374934073 -0.9953052238604102 -0.9953052238604102 0.9950578579945666 0.9813651179578635 -0.9953052238604102 1.0