1.0 -0.9921225012260066 -0.9921225012260066 0.9922339175756452 0.9998647770626727 -0.9921225012260066 0.9688867458913609
-0.9921225012260066 1.0 1.0 -0.9999155254219407 -0.9919574598609118 1.0 -0.9921625387523787
-0.9921225012260066 1.0 1.0 -0.9999155254219407 -0.9919574598609118 1.0 -0.9921625387523787
0.9922339175756452 -0.9999155254219407 -0.9999155254219407 1.0 0.9922275385657624 -0.9999155254219407 0.9916497631366011
0.9998647770626727 -0.9919574598609118 -0.9919574598609118 0.9922275385657624 1.0 -0.9919574598609118 0.9684176663504764
-0.9921225012260066 1.0 1.0 -0.9999155254219407 -0.9919574598609118 1.0 -0.9921625387523787
0.9688867458913609 -0.9921625387523787 -0.9921625387523787 0.9916497631366011 0.9684176663504764 -0.9921625387523787 1.0