1.0 -0.9950783551322935 -0.9950783551322935 0.9949002305130671 0.9998523321678904 -0.9950783551322935 0.9781222249915674
-0.9950783551322935 1.0 1.0 -0.9998641014258209 -0.9949163807059429 1.0 -0.9937874091939458
-0.9950783551322935 1.0 1.0 -0.9998641014258209 -0.9949163807059429 1.0 -0.9937874091939458
0.9949002305130671 -0.9998641014258209 -0.9998641014258209 1.0 0.9949873219516976 -0.9998641014258209 0.9933154956678923
0.9998523321678904 -0.9949163807059429 -0.9949163807059429 0.9949873219516976 1.0 -0.9949163807059429 0.9775738045851737
-0.9950783551322935 1.0 1.0 -0.9998641014258209 -0.9949163807059429 1.0 -0.9937874091939458
0.9781222249915674 -0.9937874091939458 -0.9937874091939458 0.9933154956678923 0.9775738045851737 -0.9937874091939458 1.0