1.0 -0.9939611932159748 -0.9939611932159748 0.993550583969453 0.9998828135303927 -0.9939611932159748 0.9763234400331913
-0.9939611932159748 1.0 1.0 -0.9999007042177973 -0.9940414353684989 1.0 -0.9940724264019088
-0.9939611932159748 1.0 1.0 -0.9999007042177973 -0.9940414353684989 1.0 -0.9940724264019088
0.993550583969453 -0.9999007042177973 -0.9999007042177973 1.0 0.9937975752559481 -0.9999007042177973 0.9940295380576091
0.9998828135303927 -0.9940414353684989 -0.9940414353684989 0.9937975752559481 1.0 -0.9940414353684989 0.9763374059673346
-0.9939611932159748 1.0 1.0 -0.9999007042177973 -0.9940414353684989 1.0 -0.9940724264019088
0.9763234400331913 -0.9940724264019088 -0.9940724264019088 0.9940295380576091 0.9763374059673346 -0.9940724264019088 1.0