1.0 -0.9950414923555744 -0.9950414923555744 0.9949752504892552 0.9997992448523803 -0.9950414923555744 0.9802493640711984
-0.9950414923555744 1.0 1.0 -0.9998372624270384 -0.9949611617591543 1.0 -0.9949219636954497
-0.9950414923555744 1.0 1.0 -0.9998372624270384 -0.9949611617591543 1.0 -0.9949219636954497
0.9949752504892552 -0.9998372624270384 -0.9998372624270384 1.0 0.9951863747852389 -0.9998372624270384 0.9942702993467986
0.9997992448523803 -0.9949611617591543 -0.9949611617591543 0.9951863747852389 1.0 -0.9949611617591543 0.9798612168424761
-0.9950414923555744 1.0 1.0 -0.9998372624270384 -0.9949611617591543 1.0 -0.9949219636954497
0.9802493640711984 -0.9949219636954497 -0.9949219636954497 0.9942702993467986 0.9798612168424761 -0.9949219636954497 1.0