1.0 -0.9942203690442508 -0.9942203690442508 0.9940722066637104 0.9998350626063404 -0.9942203690442508 0.9769737851797939
-0.9942203690442508 1.0 1.0 -0.999877973740844 -0.9941432434341113 1.0 -0.9941181722965892
-0.9942203690442508 1.0 1.0 -0.999877973740844 -0.9941432434341113 1.0 -0.9941181722965892
0.9940722066637104 -0.999877973740844 -0.999877973740844 1.0 0.9942011283819389 -0.999877973740844 0.9937099786213605
0.9998350626063404 -0.9941432434341113 -0.9941432434341113 0.9942011283819389 1.0 -0.9941432434341113 0.97664931142834
-0.9942203690442508 1.0 1.0 -0.999877973740844 -0.9941432434341113 1.0 -0.9941181722965892
0.9769737851797939 -0.9941181722965892 -0.9941181722965892 0.9937099786213605 0.97664931142834 -0.9941181722965892 1.0