1.0 -0.994843289186814 -0.994843289186814 0.9951298665711779 0.9998695066467647 -0.994843289186814 0.9793621854353909
-0.994843289186814 1.0 1.0 -0.9999163510506053 -0.9946961166280042 1.0 -0.9947172384980626
-0.994843289186814 1.0 1.0 -0.9999163510506053 -0.9946961166280042 1.0 -0.9947172384980626
0.9951298665711779 -0.9999163510506053 -0.9999163510506053 1.0 0.9951446468983607 -0.9999163510506053 0.9940369818683162
0.9998695066467647 -0.9946961166280042 -0.9946961166280042 0.9951446468983607 1.0 -0.9946961166280042 0.9789186478482307
-0.994843289186814 1.0 1.0 -0.9999163510506053 -0.9946961166280042 1.0 -0.9947172384980626
0.9793621854353909 -0.9947172384980626 -0.9947172384980626 0.9940369818683162 0.9789186478482307 -0.9947172384980626 1.0