1.0 -0.9936768414025555 -0.9936768414025555 0.9940011245423193 0.9999120936097459 -0.9936768414025555 0.9738509308175036
-0.9936768414025555 1.0 1.0 -0.9999107185132144 -0.9930765548914846 1.0 -0.9931370367565255
-0.9936768414025555 1.0 1.0 -0.9999107185132144 -0.9930765548914846 1.0 -0.9931370367565255
0.9940011245423193 -0.9999107185132144 -0.9999107185132144 1.0 0.993513729888815 -0.9999107185132144 0.9924355223514212
0.9999120936097459 -0.9930765548914846 -0.9930765548914846 0.993513729888815 1.0 -0.9930765548914846 0.9725641895899957
-0.9936768414025555 1.0 1.0 -0.9999107185132144 -0.9930765548914846 1.0 -0.9931370367565255
0.9738509308175036 -0.9931370367565255 -0.9931370367565255 0.9924355223514212 0.9725641895899957 -0.9931370367565255 1.0