1.0 -0.9940262997953393 -0.9940262997953393 0.99427259404707 0.9998700472951007 -0.9940262997953393 0.9765431898966831
-0.9940262997953393 1.0 1.0 -0.9998975909860914 -0.993971129051365 1.0 -0.99412290695183
-0.9940262997953393 1.0 1.0 -0.9998975909860914 -0.993971129051365 1.0 -0.99412290695183
0.99427259404707 -0.9998975909860914 -0.9998975909860914 1.0 0.9943688058972653 -0.9998975909860914 0.993443353577503
0.9998700472951007 -0.993971129051365 -0.993971129051365 0.9943688058972653 1.0 -0.993971129051365 0.9763032714824866
-0.9940262997953393 1.0 1.0 -0.9998975909860914 -0.993971129051365 1.0 -0.99412290695183
0.9765431898966831 -0.99412290695183 -0.99412290695183 0.993443353577503 0.9763032714824866 -0.99412290695183 1.0