1.0 -0.9935072982954939 -0.9935072982954939 0.9939095346904043 0.9998742540450315 -0.9935072982954939 0.9727567977278397
-0.9935072982954939 1.0 1.0 -0.9999002634954144 -0.993285701337703 1.0 -0.99271638036016
-0.9935072982954939 1.0 1.0 -0.9999002634954144 -0.993285701337703 1.0 -0.99271638036016
0.9939095346904043 -0.9999002634954144 -0.9999002634954144 1.0 0.9938679637016271 -0.9999002634954144 0.9918362709019605
0.9998742540450315 -0.993285701337703 -0.993285701337703 0.9938679637016271 1.0 -0.993285701337703 0.9721441378736856
-0.9935072982954939 1.0 1.0 -0.9999002634954144 -0.993285701337703 1.0 -0.99271638036016
0.9727567977278397 -0.99271638036016 -0.99271638036016 0.9918362709019605 0.9721441378736856 -0.99271638036016 1.0