1.0 -0.9950861806145299 -0.9950861806145299 0.9949762882610607 0.9998718792505756 -0.9950861806145299 0.9804075682800675
-0.9950861806145299 1.0 1.0 -0.9999209741962266 -0.9946922168454289 1.0 -0.9950263358383268
-0.9950861806145299 1.0 1.0 -0.9999209741962266 -0.9946922168454289 1.0 -0.9950263358383268
0.9949762882610607 -0.9999209741962266 -0.9999209741962266 1.0 0.9946975718966301 -0.9999209741962266 0.9947967437418201
0.9998718792505756 -0.9946922168454289 -0.9946922168454289 0.9946975718966301 1.0 -0.9946922168454289 0.9795399022125365
-0.9950861806145299 1.0 1.0 -0.9999209741962266 -0.9946922168454289 1.0 -0.9950263358383268
0.9804075682800675 -0.9950263358383268 -0.9950263358383268 0.9947967437418201 0.9795399022125365 -0.9950263358383268 1.0