1.0 -0.9928792428817981 -0.9928792428817981 0.9933046015930043 0.9998899932202475 -0.9928792428817981 0.9690589449292147
-0.9928792428817981 1.0 1.0 -0.9999240364694013 -0.9925129772469474 1.0 -0.9915042330102222
-0.9928792428817981 1.0 1.0 -0.9999240364694013 -0.9925129772469474 1.0 -0.9915042330102222
0.9933046015930043 -0.9999240364694013 -0.9999240364694013 1.0 0.9930812459005093 -0.9999240364694013 0.9907133248477019
0.9998899932202475 -0.9925129772469474 -0.9925129772469474 0.9930812459005093 1.0 -0.9925129772469474 0.9682233419676565
-0.9928792428817981 1.0 1.0 -0.9999240364694013 -0.9925129772469474 1.0 -0.9915042330102222
0.9690589449292147 -0.9915042330102222 -0.9915042330102222 0.9907133248477019 0.9682233419676565 -0.9915042330102222 1.0