1.0 -0.9962340056332061 -0.9962340056332061 0.9961125200673919 0.9998516834773946 -0.9962340056332061 0.9841297164955568
-0.9962340056332061 1.0 1.0 -0.9998703387105751 -0.9961973614993991 1.0 -0.9956923840802575
-0.9962340056332061 1.0 1.0 -0.9998703387105751 -0.9961973614993991 1.0 -0.9956923840802575
0.9961125200673919 -0.9998703387105751 -0.9998703387105751 1.0 0.996308048927404 -0.9998703387105751 0.9952188321769493
0.9998516834773946 -0.9961973614993991 -0.9961973614993991 0.996308048927404 1.0 -0.9961973614993991 0.9838603939066597
-0.9962340056332061 1.0 1.0 -0.9998703387105751 -0.9961973614993991 1.0 -0.9956923840802575
0.9841297164955568 -0.9956923840802575 -0.9956923840802575 0.9952188321769493 0.9838603939066597 -0.9956923840802575 1.0