1.0 -0.9930715043756893 -0.9930715043756893 0.9936542565935459 0.9998544731472552 -0.9930715043756893 0.9715343606828009
-0.9930715043756893 1.0 1.0 -0.9998617785234658 -0.9920698505831925 1.0 -0.9925343980110506
-0.9930715043756893 1.0 1.0 -0.9998617785234658 -0.9920698505831925 1.0 -0.9925343980110506
0.9936542565935459 -0.9998617785234658 -0.9998617785234658 1.0 0.9929014978985338 -0.9998617785234658 0.9913586664479282
0.9998544731472552 -0.9920698505831925 -0.9920698505831925 0.9929014978985338 1.0 -0.9920698505831925 0.9693922574799523
-0.9930715043756893 1.0 1.0 -0.9998617785234658 -0.9920698505831925 1.0 -0.9925343980110506
0.9715343606828009 -0.9925343980110506 -0.9925343980110506 0.9913586664479282 0.9693922574799523 -0.9925343980110506 1.0