1.0 -0.9958007320053123 -0.9958007320053123 0.9958507923578267 0.9997593655732554 -0.9958007320053123 0.9824981393774432
-0.9958007320053123 1.0 1.0 -0.9998431159166026 -0.995178349619166 1.0 -0.9952592971157302
-0.9958007320053123 1.0 1.0 -0.9998431159166026 -0.995178349619166 1.0 -0.9952592971157302
0.9958507923578267 -0.9998431159166026 -0.9998431159166026 1.0 0.9955690806132922 -0.9998431159166026 0.9944491471438881
0.9997593655732554 -0.995178349619166 -0.995178349619166 0.9955690806132922 1.0 -0.995178349619166 0.980967103134507
-0.9958007320053123 1.0 1.0 -0.9998431159166026 -0.995178349619166 1.0 -0.9952592971157302
0.9824981393774432 -0.9952592971157302 -0.9952592971157302 0.9944491471438881 0.980967103134507 -0.9952592971157302 1.0