1.0 -0.9893465680168727 -0.9893465680168727 0.9897781110463321 0.9998769159796796 -0.9893465680168727 0.9603178567830624
-0.9893465680168727 1.0 1.0 -0.999899010094223 -0.988875169342526 1.0 -0.9906135506019509
-0.9893465680168727 1.0 1.0 -0.999899010094223 -0.988875169342526 1.0 -0.9906135506019509
0.9897781110463321 -0.999899010094223 -0.999899010094223 1.0 0.9895004382983505 -0.999899010094223 0.9897906507022253
0.9998769159796796 -0.988875169342526 -0.988875169342526 0.9895004382983505 1.0 -0.988875169342526 0.959286330270549
-0.9893465680168727 1.0 1.0 -0.999899010094223 -0.988875169342526 1.0 -0.9906135506019509
0.9603178567830624 -0.9906135506019509 -0.9906135506019509 0.9897906507022253 0.959286330270549 -0.9906135506019509 1.0