1.0 -0.9939201970460984 -0.9939201970460984 0.9934650835620017 0.9998003464605362 -0.9939201970460984 0.9772943512675121
-0.9939201970460984 1.0 1.0 -0.9998608706311893 -0.9940692242345021 1.0 -0.9945531598349706
-0.9939201970460984 1.0 1.0 -0.9998608706311893 -0.9940692242345021 1.0 -0.9945531598349706
0.9934650835620017 -0.9998608706311893 -0.9998608706311893 1.0 0.9939074323046877 -0.9998608706311893 0.9943608262516187
0.9998003464605362 -0.9940692242345021 -0.9940692242345021 0.9939074323046877 1.0 -0.9940692242345021 0.9773682253550278
-0.9939201970460984 1.0 1.0 -0.9998608706311893 -0.9940692242345021 1.0 -0.9945531598349706
0.9772943512675121 -0.9945531598349706 -0.9945531598349706 0.9943608262516187 0.9773682253550278 -0.9945531598349706 1.0