1.0 -0.9949865247818546 -0.9949865247818546 0.994969725928591 0.9998356152934185 -0.9949865247818546 0.9786061158882051
-0.9949865247818546 1.0 1.0 -0.9998492042145043 -0.9946092838474505 1.0 -0.994139158463256
-0.9949865247818546 1.0 1.0 -0.9998492042145043 -0.9946092838474505 1.0 -0.994139158463256
0.994969725928591 -0.9998492042145043 -0.9998492042145043 1.0 0.9948577207700467 -0.9998492042145043 0.9934474335522944
0.9998356152934185 -0.9946092838474505 -0.9946092838474505 0.9948577207700467 1.0 -0.9946092838474505 0.97763018762528
-0.9949865247818546 1.0 1.0 -0.9998492042145043 -0.9946092838474505 1.0 -0.994139158463256
0.9786061158882051 -0.994139158463256 -0.994139158463256 0.9934474335522944 0.97763018762528 -0.994139158463256 1.0