1.0 -0.9946329173739634 -0.9946329173739634 0.9943748142311221 0.9998043276995023 -0.9946329173739634 0.975133207784349
-0.9946329173739634 1.0 1.0 -0.9998717947373474 -0.9947416308194345 1.0 -0.9926852327228932
-0.9946329173739634 1.0 1.0 -0.9998717947373474 -0.9947416308194345 1.0 -0.9926852327228932
0.9943748142311221 -0.9998717947373474 -0.9998717947373474 1.0 0.9947500729485154 -0.9998717947373474 0.9923248105692897
0.9998043276995023 -0.9947416308194345 -0.9947416308194345 0.9947500729485154 1.0 -0.9947416308194345 0.97513236362256
-0.9946329173739634 1.0 1.0 -0.9998717947373474 -0.9947416308194345 1.0 -0.9926852327228932
0.975133207784349 -0.9926852327228932 -0.9926852327228932 0.9923248105692897 0.97513236362256 -0.9926852327228932 1.0