1.0 -0.995764984279825 -0.995764984279825 0.9956376794566706 0.9997881328389556 -0.995764984279825 0.9823123702532984
-0.995764984279825 1.0 1.0 -0.99985861492349 -0.9953690786436343 1.0 -0.9952276732994316
-0.995764984279825 1.0 1.0 -0.99985861492349 -0.9953690786436343 1.0 -0.9952276732994316
0.9956376794566706 -0.99985861492349 -0.99985861492349 1.0 0.9954889930256638 -0.99985861492349 0.9946948330104056
0.9997881328389556 -0.9953690786436343 -0.9953690786436343 0.9954889930256638 1.0 -0.9953690786436343 0.9813016893907033
-0.995764984279825 1.0 1.0 -0.99985861492349 -0.9953690786436343 1.0 -0.9952276732994316
0.9823123702532984 -0.9952276732994316 -0.9952276732994316 0.9946948330104056 0.9813016893907033 -0.9952276732994316 1.0