1.0 -0.9961419284954736 -0.9961419284954736 0.9960503832286013 0.9998522992676954 -0.9961419284954736 0.9835963285832318
-0.9961419284954736 1.0 1.0 -0.9999047706331525 -0.9956452612329679 1.0 -0.9955159045447497
-0.9961419284954736 1.0 1.0 -0.9999047706331525 -0.9956452612329679 1.0 -0.9955159045447497
0.9960503832286013 -0.9999047706331525 -0.9999047706331525 1.0 0.995733164865614 -0.9999047706331525 0.9951346612991224
0.9998522992676954 -0.9956452612329679 -0.9956452612329679 0.995733164865614 1.0 -0.9956452612329679 0.9824061410027805
-0.9961419284954736 1.0 1.0 -0.9999047706331525 -0.9956452612329679 1.0 -0.9955159045447497
0.9835963285832318 -0.9955159045447497 -0.9955159045447497 0.9951346612991224 0.9824061410027805 -0.9955159045447497 1.0