1.0 -0.9889904020534095 -0.9889904020534095 0.9891294175786779 0.9998595934387131 -0.9889904020534095 0.9561408493677608
-0.9889904020534095 1.0 1.0 -0.9999128649049038 -0.9888526035478916 1.0 -0.9888589291366535
-0.9889904020534095 1.0 1.0 -0.9999128649049038 -0.9888526035478916 1.0 -0.9888589291366535
0.9891294175786779 -0.9999128649049038 -0.9999128649049038 1.0 0.9891764945651288 -0.9999128649049038 0.988305220443269
0.9998595934387131 -0.9888526035478916 -0.9888526035478916 0.9891764945651288 1.0 -0.9888526035478916 0.9556992595766527
-0.9889904020534095 1.0 1.0 -0.9999128649049038 -0.9888526035478916 1.0 -0.9888589291366535
0.9561408493677608 -0.9888589291366535 -0.9888589291366535 0.988305220443269 0.9556992595766527 -0.9888589291366535 1.0