1.0 -0.9945404135720687 -0.9945404135720687 0.9944885816155281 0.9998870555858315 -0.9945404135720687 0.978208563637759
-0.9945404135720687 1.0 1.0 -0.9998862274901449 -0.9944898660720068 1.0 -0.9944448092504027
-0.9945404135720687 1.0 1.0 -0.9998862274901449 -0.9944898660720068 1.0 -0.9944448092504027
0.9944885816155281 -0.9998862274901449 -0.9998862274901449 1.0 0.9946336371166247 -0.9998862274901449 0.9939971046844234
0.9998870555858315 -0.9944898660720068 -0.9944898660720068 0.9946336371166247 1.0 -0.9944898660720068 0.9779611229763759
-0.9945404135720687 1.0 1.0 -0.9998862274901449 -0.9944898660720068 1.0 -0.9944448092504027
0.978208563637759 -0.9944448092504027 -0.9944448092504027 0.9939971046844234 0.9779611229763759 -0.9944448092504027 1.0