1.0 -0.9959099169943517 -0.9959099169943517 0.9960802047887092 0.9998622462892024 -0.9959099169943517 0.9827406445927385
-0.9959099169943517 1.0 1.0 -0.99987300181503 -0.9952343140178769 1.0 -0.9953150793195411
-0.9959099169943517 1.0 1.0 -0.99987300181503 -0.9952343140178769 1.0 -0.9953150793195411
0.9960802047887092 -0.99987300181503 -0.99987300181503 1.0 0.9956266810574286 -0.99987300181503 0.9945542669251802
0.9998622462892024 -0.9952343140178769 -0.9952343140178769 0.9956266810574286 1.0 -0.9952343140178769 0.9811989349806135
-0.9959099169943517 1.0 1.0 -0.99987300181503 -0.9952343140178769 1.0 -0.9953150793195411
0.9827406445927385 -0.9953150793195411 -0.9953150793195411 0.9945542669251802 0.9811989349806135 -0.9953150793195411 1.0