1.0 -0.9999772812815707 -0.9999772812815707 0.9999806086184665 0.9999970622330533 -0.9999772812815707 0.9999651330859939
-0.9999772812815707 1.0 1.0 -0.9999994320485431 -0.9999598301989197 1.0 -0.9999985459278967
-0.9999772812815707 1.0 1.0 -0.9999994320485431 -0.9999598301989197 1.0 -0.9999985459278967
0.9999806086184665 -0.9999994320485431 -0.9999994320485431 1.0 0.9999653988151949 -0.9999994320485431 0.9999965011058333
0.9999970622330533 -0.9999598301989197 -0.9999598301989197 0.9999653988151949 1.0 -0.9999598301989197 0.9999435698909808
-0.9999772812815707 1.0 1.0 -0.9999994320485431 -0.9999598301989197 1.0 -0.9999985459278967
0.9999651330859939 -0.9999985459278967 -0.9999985459278967 0.9999965011058333 0.9999435698909808 -0.9999985459278967 1.0