1.0 -0.9997853389970002 -0.9997853389970002 0.9997919631080332 0.9999693287030027 -0.9997853389970002 0.9996709689126653
-0.9997853389970002 1.0 1.0 -0.9999954829004508 -0.999701779020464 1.0 -0.9999868391391747
-0.9997853389970002 1.0 1.0 -0.9999954829004508 -0.999701779020464 1.0 -0.9999868391391747
0.9997919631080332 -0.9999954829004508 -0.9999954829004508 1.0 0.9997221092488021 -0.9999954829004508 0.9999759129765766
0.9999693287030027 -0.999701779020464 -0.999701779020464 0.9997221092488021 1.0 -0.999701779020464 0.9995656943940371
-0.9997853389970002 1.0 1.0 -0.9999954829004508 -0.999701779020464 1.0 -0.9999868391391747
0.9996709689126653 -0.9999868391391747 -0.9999868391391747 0.9999759129765766 0.9995656943940371 -0.9999868391391747 1.0