1.0 -1.0 -1.0 0.9999993985353586 0.9999990798463709 -1.0 0.9999997058451501
-1.0 1.0 1.0 -0.9999993985353584 -0.999999079846371 1.0 -0.9999997058451499
-1.0 1.0 1.0 -0.9999993985353584 -0.999999079846371 1.0 -0.9999997058451499
0.9999993985353586 -0.9999993985353584 -0.9999993985353584 1.0 0.9999999662525081 -0.9999993985353584 0.9999982631347945
0.9999990798463709 -0.999999079846371 -0.999999079846371 0.9999999662525081 1.0 -0.999999079846371 0.9999977451775182
-1.0 1.0 1.0 -0.9999993985353584 -0.999999079846371 1.0 -0.9999997058451499
0.9999997058451501 -0.9999997058451499 -0.9999997058451499 0.9999982631347945 0.9999977451775182 -0.9999997058451499 1.0