1.0 -1.0000000000000002 -1.0000000000000002 0.9999999125176681 0.9999995426982363 -1.0000000000000002 0.9999999437536595
-1.0000000000000002 1.0 1.0 -0.9999999125176681 -0.9999995426982365 1.0 -0.9999999437536594
-1.0000000000000002 1.0 1.0 -0.9999999125176681 -0.9999995426982365 1.0 -0.9999999437536594
0.9999999125176681 -0.9999999125176681 -0.9999999125176681 1.0 0.9999998552450126 -0.9999999125176681 0.9999997159779156
0.9999995426982363 -0.9999995426982365 -0.9999995426982365 0.9999998552450126 1.0 -0.9999995426982365 0.9999991656931704
-1.0000000000000002 1.0 1.0 -0.9999999125176681 -0.9999995426982365 1.0 -0.9999999437536594
0.9999999437536595 -0.9999999437536594 -0.9999999437536594 0.9999997159779156 0.9999991656931704 -0.9999999437536594 1.0