1.0 -1.0 -1.0 0.99999999973221 0.9999999991169476 -1.0 0.9999999994444364
-1.0 1.0 1.0 -0.9999999997322098 -0.9999999991169477 1.0 -0.9999999994444364
-1.0 1.0 1.0 -0.9999999997322098 -0.9999999991169477 1.0 -0.9999999994444364
0.99999999973221 -0.9999999997322098 -0.9999999997322098 1.0 0.9999999978765882 -0.9999999997322098 0.9999999984052204
0.9999999991169476 -0.9999999991169477 -0.9999999991169477 0.9999999978765882 1.0 -0.9999999991169477 0.9999999999622291
-1.0 1.0 1.0 -0.9999999997322098 -0.9999999991169477 1.0 -0.9999999994444364
0.9999999994444364 -0.9999999994444364 -0.9999999994444364 0.9999999984052204 0.9999999999622291 -0.9999999994444364 1.0