1.0 -1.0 -1.0 0.9999999928374703 0.9999999508808032 -1.0 0.9999999702901586
-1.0 1.0 1.0 -0.9999999928374704 -0.9999999508808032 1.0 -0.9999999702901587
-1.0 1.0 1.0 -0.9999999928374704 -0.9999999508808032 1.0 -0.9999999702901587
0.9999999928374703 -0.9999999928374704 -0.9999999928374704 1.0 0.9999999062046666 -0.9999999928374704 0.9999999339524609
0.9999999508808032 -0.9999999508808032 -0.9999999508808032 0.9999999062046666 1.0 -0.9999999508808032 0.9999999975731487
-1.0 1.0 1.0 -0.9999999928374704 -0.9999999508808032 1.0 -0.9999999702901587
0.9999999702901586 -0.9999999702901587 -0.9999999702901587 0.9999999339524609 0.9999999975731487 -0.9999999702901587 1.0