1.0 -1.0 -1.0 0.9999987483549287 0.9999859173448756 -1.0 0.999999395160846
-1.0 1.0 1.0 -0.9999987483549289 -0.9999859173448756 1.0 -0.9999993951608459
-1.0 1.0 1.0 -0.9999987483549289 -0.9999859173448756 1.0 -0.9999993951608459
0.9999987483549287 -0.9999987483549289 -0.9999987483549289 1.0 0.999993062466976 -0.9999987483549289 0.9999964033518922
0.9999859173448756 -0.9999859173448756 -0.9999859173448756 0.999993062466976 1.0 -0.9999859173448756 0.999979475501764
-1.0 1.0 1.0 -0.9999987483549289 -0.9999859173448756 1.0 -0.9999993951608459
0.999999395160846 -0.9999993951608459 -0.9999993951608459 0.9999964033518922 0.999979475501764 -0.9999993951608459 1.0