1.0 -1.0 -1.0 0.9999997611724657 0.9999925824602771 -1.0 0.9999999294739875
-1.0 1.0 1.0 -0.9999997611724656 -0.999992582460277 1.0 -0.9999999294739874
-1.0 1.0 1.0 -0.9999997611724656 -0.999992582460277 1.0 -0.9999999294739874
0.9999997611724657 -0.9999997611724656 -0.9999997611724656 1.0 0.9999950055931475 -0.9999997611724656 0.9999994310810559
0.9999925824602771 -0.999992582460277 -0.999992582460277 0.9999950055931475 1.0 -0.999992582460277 0.9999910653836619
-1.0 1.0 1.0 -0.9999997611724656 -0.999992582460277 1.0 -0.9999999294739874
0.9999999294739875 -0.9999999294739874 -0.9999999294739874 0.9999994310810559 0.9999910653836619 -0.9999999294739874 1.0