1.0 0.9241676510117812 0.9874788514169766 -0.9985424325352448 0.9999989285650113 0.9998093432129317 -0.9999014313261142
0.9241676510117812 1.0 0.9727297101883915 -0.942181672565807 0.9243654140256304 0.9307559771785671 -0.9288973799788858
0.9874788514169766 0.9727297101883915 1.0 -0.9940448499044505 0.9875673998144295 0.9901065339343544 -0.9893904635075832
-0.9985424325352448 -0.942181672565807 -0.9940448499044505 1.0 -0.9985747431491878 -0.9993645377525799 0.9991656772639043
0.9999989285650113 0.9243654140256304 0.9875673998144295 -0.9985747431491878 1.0 0.999826720548212 -0.9999140842355485
0.9998093432129317 0.9307559771785671 0.9901065339343544 -0.9993645377525799 0.999826720548212 1.0 -0.9999848185794884
-0.9999014313261142 -0.9288973799788858 -0.9893904635075832 0.9991656772639043 -0.9999140842355485 -0.9999848185794884 1.0