1.0 0.8841150509446191 0.9853246935879901 -0.9988969827916496 0.9999946359616502 0.9971057837881561 -0.9998388455816407
0.8841150509446191 1.0 0.9476971185088053 -0.8992699624034282 0.8850739597155598 0.91361356990348 -0.8910249231675105
0.9853246935879901 0.9476971185088053 1.0 -0.9907218447926406 0.9856061456742023 0.9945563836093156 -0.9874763087510163
-0.9988969827916496 -0.8992699624034282 -0.9907218447926406 1.0 -0.9989583320382427 -0.998201920326391 0.9993139116048204
0.9999946359616502 0.8850739597155598 0.9856061456742023 -0.9989583320382427 1.0 0.9972133998136504 -0.9998875538009944
0.9971057837881561 0.91361356990348 0.9945563836093156 -0.998201920326391 0.9972133998136504 1.0 -0.9978327624341866
-0.9998388455816407 -0.8910249231675105 -0.9874763087510163 0.9993139116048204 -0.9998875538009944 -0.9978327624341866 1.0