1.0 0.7749868946798558 0.9528696746885933 -0.9990481281594851 0.9999980995184664 0.9929892454435164 -0.9998893736875647
0.7749868946798558 1.0 0.9257244064885067 -0.7939132381337403 0.7756251998651951 0.8419127437340818 -0.7831590085907536
0.9528696746885933 0.9257244064885067 1.0 -0.9622995631670118 0.9530755888812718 0.9818824540496925 -0.9562390072243678
-0.9990481281594851 -0.7939132381337403 -0.9622995631670118 1.0 -0.9990520869090621 -0.996164846020477 0.999278751982748
0.9999980995184664 0.7756251998651951 0.9530755888812718 -0.9990520869090621 1.0 0.9930707626329278 -0.9999106180374483
0.9929892454435164 0.8419127437340818 0.9818824540496925 -0.996164846020477 0.9930707626329278 1.0 -0.9942083929143258
-0.9998893736875647 -0.7831590085907536 -0.9562390072243678 0.999278751982748 -0.9999106180374483 -0.9942083929143258 1.0