1.0 0.7071076063200376 0.8736778995374137 -0.9764560152809219 0.9999994889914171 0.9665526835581447 -0.9998111067581441
0.7071076063200376 1.0 0.952648355554136 -0.644155473650449 0.7073994506721824 0.8391200793797229 -0.7183278712431567
0.8736778995374137 0.952648355554136 1.0 -0.8001244921972915 0.8738261686387613 0.9631654976389558 -0.8804887061133989
-0.9764560152809219 -0.644155473650449 -0.8001244921972915 1.0 -0.9764932965303532 -0.9030022570997762 0.9764563321985892
0.9999994889914171 0.7073994506721824 0.8738261686387613 -0.9764932965303532 1.0 0.9665944068598409 -0.9998222347811252
0.9665526835581447 0.8391200793797229 0.9631654976389558 -0.9030022570997762 0.9665944068598409 1.0 -0.9691126643348589
-0.9998111067581441 -0.7183278712431567 -0.8804887061133989 0.9764563321985892 -0.9998222347811252 -0.9691126643348589 1.0