1.0 0.9813276409747719 0.9989138565491272 -0.9995028346965081 0.9999968366716765 0.9998238514936588 -0.999898832648329
0.9813276409747719 1.0 0.9891080318303781 -0.9855222536014658 0.9816935380595759 0.9844378455471515 -0.9837049469672374
0.9989138565491272 0.9891080318303781 1.0 -0.9995571334112974 0.9989989499018781 0.9995205894953761 -0.9994031160160826
-0.9995028346965081 -0.9855222536014658 -0.9995571334112974 1.0 -0.9995584532436201 -0.999851782428644 0.9997964048584829
0.9999968366716765 0.9816935380595759 0.9989989499018781 -0.9995584532436201 1.0 0.9998644591888205 -0.9999291341320582
0.9998238514936588 0.9844378455471515 0.9995205894953761 -0.999851782428644 0.9998644591888205 1.0 -0.9999895639195682
-0.999898832648329 -0.9837049469672374 -0.9994031160160826 0.9997964048584829 -0.9999291341320582 -0.9999895639195682 1.0