1.0 0.9275157573096848 0.9936955563272932 -0.9993914901687604 0.9999985802152198 0.9986362834536155 -0.9999302922963614
0.9275157573096848 1.0 0.9630785810229966 -0.9330253875194677 0.927969006358533 0.9445462916351719 -0.9315403624526044
0.9936955563272932 0.9630785810229966 1.0 -0.9945832432804409 0.993824571180286 0.9979191392325502 -0.9948053991176066
-0.9993914901687604 -0.9330253875194677 -0.9945832432804409 1.0 -0.9994066317711247 -0.998474732184968 0.9995674479941971
0.9999985802152198 0.927969006358533 0.993824571180286 -0.9994066317711247 1.0 0.9986857096211867 -0.9999461031609104
0.9986362834536155 0.9445462916351719 0.9979191392325502 -0.998474732184968 0.9986857096211867 1.0 -0.9990458400917822
-0.9999302922963614 -0.9315403624526044 -0.9948053991176066 0.9995674479941971 -0.9999461031609104 -0.9990458400917822 1.0