1.0 0.8126357375070277 0.9724071599539807 -0.9981770259412787 0.9999959976827311 0.9955242706987096 -0.9997620769765126
0.8126357375070277 1.0 0.918349189774649 -0.8374448758759836 0.8137563795304474 0.8574210204066521 -0.8235333189011361
0.9724071599539807 0.918349189774649 1.0 -0.98203451230188 0.972718062335175 0.9889098405156989 -0.975977243239049
-0.9981770259412787 -0.8374448758759836 -0.98203451230188 1.0 -0.9982338318293893 -0.9975097229419869 0.998963035936818
0.9999959976827311 0.8137563795304474 0.972718062335175 -0.9982338318293893 1.0 0.9956273251514296 -0.9998067390788111
0.9955242706987096 0.8574210204066521 0.9889098405156989 -0.9975097229419869 0.9956273251514296 1.0 -0.9966420242804933
-0.9997620769765126 -0.8235333189011361 -0.975977243239049 0.998963035936818 -0.9998067390788111 -0.9966420242804933 1.0