1.0 0.9802635424106464 0.9991573198362862 -0.9994240393787933 0.9999976803946071 0.9998416738107172 -0.999913125231489
0.9802635424106464 1.0 0.9869192863113194 -0.9849340928928741 0.9806730087967152 0.9835075678785002 -0.9827048885746026
0.9991573198362862 0.9869192863113194 1.0 -0.9997366102357603 0.9992328011318489 0.9996968745633071 -0.9995871745084101
-0.9994240393787933 -0.9849340928928741 -0.9997366102357603 1.0 -0.9994738732601866 -0.9998122587275942 0.999739476668404
0.9999976803946071 0.9806730087967152 0.9992328011318489 -0.9994738732601866 1.0 0.9998745771641256 -0.9999371025742859
0.9998416738107172 0.9835075678785002 0.9996968745633071 -0.9998122587275942 0.9998745771641256 1.0 -0.9999893076898618
-0.999913125231489 -0.9827048885746026 -0.9995871745084101 0.999739476668404 -0.9999371025742859 -0.9999893076898618 1.0