1.0 0.635751145714774 0.8042747874462347 -0.9748818480968084 0.9999981473967022 0.9412786864212793 -0.9998533846032683
0.635751145714774 1.0 0.9522870968962326 -0.5462731608114765 0.636107507772126 0.8341535892439333 -0.6473474782643185
0.8042747874462347 0.9522870968962326 1.0 -0.7102016938922161 0.8043581422743298 0.9532345875036852 -0.8118357094945748
-0.9748818480968084 -0.5462731608114765 -0.7102016938922161 1.0 -0.9749083203433498 -0.8644004386890687 0.9740610840209548
0.9999981473967022 0.636107507772126 0.8043581422743298 -0.9749083203433498 1.0 0.9413032250570005 -0.9998714902987362
0.9412786864212793 0.8341535892439333 0.9532345875036852 -0.8644004386890687 0.9413032250570005 1.0 -0.9450098534258585
-0.9998533846032683 -0.6473474782643185 -0.8118357094945748 0.9740610840209548 -0.9998714902987362 -0.9450098534258585 1.0