1.0 0.8859950692851546 0.9708021667373892 -0.9986055325276014 0.9999981170224655 0.9977938680578464 -0.9998966860386345
0.8859950692851546 1.0 0.9650853047629663 -0.9073878256426067 0.8865252296995184 0.9127739168833556 -0.8919907463452338
0.9708021667373892 0.9650853047629663 1.0 -0.9818953949953233 0.9709681350655313 0.9845227736631036 -0.9733426723704246
-0.9986055325276014 -0.9073878256426067 -0.9818953949953233 1.0 -0.9986398414858993 -0.9998085560030706 0.9990874010806661
0.9999981170224655 0.8865252296995184 0.9709681350655313 -0.9986398414858993 1.0 0.9978402805412734 -0.9999183140183576
0.9977938680578464 0.9127739168833556 0.9845227736631036 -0.9998085560030706 0.9978402805412734 1.0 -0.9984170103509351
-0.9998966860386345 -0.8919907463452338 -0.9733426723704246 0.9990874010806661 -0.9999183140183576 -0.9984170103509351 1.0