1.0 0.7644752440058179 0.9737611380427538 -0.998787483738872 0.9999969312140187 0.9940516773614373 -0.999867214869552
0.7644752440058179 1.0 0.8860604666356227 -0.7874490096946294 0.7655744687653193 0.823646096385877 -0.7738444776024982
0.9737611380427538 0.8860604666356227 1.0 -0.9814189451507541 0.974060807669205 0.9922959009703144 -0.9765774469143267
-0.998787483738872 -0.7874490096946294 -0.9814189451507541 1.0 -0.9988213534329585 -0.9967899876919601 0.9991718656622011
0.9999969312140187 0.7655744687653193 0.974060807669205 -0.9988213534329585 1.0 0.994161247305517 -0.9999005175040503
0.9940516773614373 0.823646096385877 0.9922959009703144 -0.9967899876919601 0.994161247305517 1.0 -0.9951262154783204
-0.999867214869552 -0.7738444776024982 -0.9765774469143267 0.9991718656622011 -0.9999005175040503 -0.9951262154783204 1.0