1.0 0.9228637087744433 0.9930227248386313 -0.9994156364897334 0.9999966441260222 0.9996314190714612 -0.9998007791176269
0.9228637087744433 1.0 0.9614295885009211 -0.9319315456864778 0.923687284205431 0.9323132870358161 -0.9298720932978882
0.9930227248386313 0.9614295885009211 1.0 -0.9956204103252076 0.9932742221393921 0.9957354931240302 -0.995084777411975
-0.9994156364897334 -0.9319315456864778 -0.9956204103252076 1.0 -0.9994753618017906 -0.9998645406392518 0.9998143048341096
0.9999966441260222 0.923687284205431 0.9932742221393921 -0.9994753618017906 1.0 0.9996905879904012 -0.9998439123864047
0.9996314190714612 0.9323132870358161 0.9957354931240302 -0.9998645406392518 0.9996905879904012 1.0 -0.999973994947407
-0.9998007791176269 -0.9298720932978882 -0.995084777411975 0.9998143048341096 -0.9998439123864047 -0.999973994947407 1.0