1.0 0.9819610625654411 0.9948825024716709 -0.9990031182585991 0.9999994133255964 0.9998847948137144 -0.9999426307043173
0.9819610625654411 1.0 0.9954679635720713 -0.9891976460333155 0.9819618752193606 0.9845829297390473 -0.9838238920418769
0.9948825024716709 0.9954679635720713 1.0 -0.9982770429963993 0.9948642125500077 0.9962027008192365 -0.9958243342434421
-0.9990031182585991 -0.9891976460333155 -0.9982770429963993 1.0 -0.9989969983578628 -0.9995414849977481 0.9994020697409953
0.9999994133255964 0.9819618752193606 0.9948642125500077 -0.9989969983578628 1.0 0.9998859551493167 -0.999943751089354
0.9998847948137144 0.9845829297390473 0.9962027008192365 -0.9995414849977481 0.9998859551493167 1.0 -0.9999898748604965
-0.9999426307043173 -0.9838238920418769 -0.9958243342434421 0.9994020697409953 -0.999943751089354 -0.9999898748604965 1.0