1.0 0.44598329524853253 0.7244045781256497 -0.9924738409139952 0.9999979198298574 0.9527161709906917 -0.9998464642053929
0.44598329524853253 1.0 0.9279592179426881 -0.5491106491811183 0.4463902763768325 0.6844738754741441 -0.4596660718779489
0.7244045781256497 0.9279592179426881 1.0 -0.8002481685126375 0.724484483144392 0.89689412555938 -0.7337425935000078
-0.9924738409139952 -0.5491106491811183 -0.8002481685126375 1.0 -0.9924998495918403 -0.9795054403566198 0.9941428286160107
0.9999979198298574 0.4463902763768325 0.724484483144392 -0.9924998495918403 1.0 0.9527325581840307 -0.9998653156491746
0.9527161709906917 0.6844738754741441 0.89689412555938 -0.9795054403566198 0.9527325581840307 1.0 -0.9564386973849189
-0.9998464642053929 -0.4596660718779489 -0.7337425935000078 0.9941428286160107 -0.9998653156491746 -0.9564386973849189 1.0