1.0 0.7327573176696506 0.9545734056212528 -0.9963034582217568 0.9999991278935727 0.9929719315325243 -0.9998672807562194
0.7327573176696506 1.0 0.8999196584152043 -0.7795986742714973 0.7331858566687741 0.7991457848825981 -0.7426331443200551
0.9545734056212528 0.8999196584152043 1.0 -0.9708227996527209 0.9547421615990604 0.9810257305559694 -0.9585999124016653
-0.9963034582217568 -0.7795986742714973 -0.9708227996527209 1.0 -0.9963478545630183 -0.9946464454100944 0.9974484265579562
0.9999991278935727 0.7331858566687741 0.9547421615990604 -0.9963478545630183 1.0 0.9930259801446836 -0.9998794803706834
0.9929719315325243 0.7991457848825981 0.9810257305559694 -0.9946464454100944 0.9930259801446836 1.0 -0.9941677591213047
-0.9998672807562194 -0.7426331443200551 -0.9585999124016653 0.9974484265579562 -0.9998794803706834 -0.9941677591213047 1.0