1.0 0.9428443286582477 0.9935505822931472 -0.9996083256940138 0.9999956582382442 0.9977829484442807 -0.9999005088103793
0.9428443286582477 1.0 0.973553591443115 -0.9347389752736952 0.9435993492307073 0.9614909505578818 -0.9471267011201309
0.9935505822931472 0.973553591443115 1.0 -0.990349776342381 0.99377987642839 0.9987878315689481 -0.9948290848967397
-0.9996083256940138 -0.9347389752736952 -0.990349776342381 1.0 -0.9995673174855806 -0.995687651979462 0.9992632041474132
0.9999956582382442 0.9435993492307073 0.99377987642839 -0.9995673174855806 1.0 0.9978946470577235 -0.9999351424630427
0.9977829484442807 0.9614909505578818 0.9987878315689481 -0.995687651979462 0.9978946470577235 1.0 -0.9984106421063362
-0.9999005088103793 -0.9471267011201309 -0.9948290848967397 0.9992632041474132 -0.9999351424630427 -0.9984106421063362 1.0