1.0 0.9274812206591758 0.9958078933298923 -0.9991011183023834 0.9999997154438993 0.9998232889926001 -0.9999104861178035
0.9274812206591758 1.0 0.9569893094544002 -0.940108659599939 0.9276402251439362 0.9338886855880401 -0.9320876459606461
0.9958078933298923 0.9569893094544002 1.0 -0.9984208800324774 0.9958429837613447 0.9972919348457134 -0.9969000415336403
-0.9991011183023834 -0.940108659599939 -0.9984208800324774 1.0 -0.999108491095748 -0.9996683711104131 0.9995376718652228
0.9999997154438993 0.9276402251439362 0.9958429837613447 -0.999108491095748 1.0 0.9998299988509229 -0.9999153662653855
0.9998232889926001 0.9338886855880401 0.9972919348457134 -0.9996683711104131 0.9998299988509229 1.0 -0.9999852457399333
-0.9999104861178035 -0.9320876459606461 -0.9969000415336403 0.9995376718652228 -0.9999153662653855 -0.9999852457399333 1.0