1.0 0.9276802009325839 0.992693408444975 -0.9990591648213086 0.9999954032436669 0.9996792196003456 -0.9998255852429353
0.9276802009325839 1.0 0.965456706242968 -0.9402036171157301 0.9284071411799766 0.9357016736406223 -0.9335880555677619
0.992693408444975 0.965456706242968 1.0 -0.9962901012186008 0.9929298896990213 0.9951292049321879 -0.994531894973442
-0.9990591648213086 -0.9402036171157301 -0.9962901012186008 1.0 -0.9991311935432254 -0.9997005172531385 0.9995843500387789
0.9999954032436669 0.9284071411799766 0.9929298896990213 -0.9991311935432254 1.0 0.9997408338609852 -0.9998706344197104
0.9996792196003456 0.9357016736406223 0.9951292049321879 -0.9997005172531385 0.9997408338609852 1.0 -0.9999776338714932
-0.9998255852429353 -0.9335880555677619 -0.994531894973442 0.9995843500387789 -0.9998706344197104 -0.9999776338714932 1.0