1.0 0.9844882051686403 0.9988773390657077 -0.9993865482257014 0.9999975516142741 0.9998086378252702 -0.9998951152371858
0.9844882051686403 1.0 0.9912078762716403 -0.9891435892351724 0.984728819573391 0.9874673781290904 -0.9867300198817468
0.9988773390657077 0.9912078762716403 1.0 -0.9997968862703421 0.9989431089092109 0.9995681362270323 -0.9994251612918829
-0.9993865482257014 -0.9891435892351724 -0.9997968862703421 1.0 -0.9994298443123499 -0.999836057253172 0.9997538443071871
0.9999975516142741 0.984728819573391 0.9989431089092109 -0.9994298443123499 1.0 0.999838340077346 -0.9999171596229901
0.9998086378252702 0.9874673781290904 0.9995681362270323 -0.999836057253172 0.999838340077346 1.0 -0.999986885844551
-0.9998951152371858 -0.9867300198817468 -0.9994251612918829 0.9997538443071871 -0.9999171596229901 -0.999986885844551 1.0