1.0 0.8767296479421366 0.9850667035960373 -0.9980973428026376 0.9999974488757591 0.9997062288934494 -0.9998433279360995
0.8767296479421366 1.0 0.9458980646726219 -0.903430898126412 0.8776320493108392 0.887443225186314 -0.8845859282803732
0.9850667035960373 0.9458980646726219 1.0 -0.9933360458937222 0.9854038830712643 0.9887986438198103 -0.987845043441534
-0.9980973428026376 -0.903430898126412 -0.9933360458937222 1.0 -0.9982035529923172 -0.9992281776011951 0.9989764519100444
0.9999974488757591 0.8776320493108392 0.9854038830712643 -0.9982035529923172 1.0 0.9997539061467231 -0.9998777216226181
0.9997062288934494 0.887443225186314 0.9887986438198103 -0.9992281776011951 0.9997539061467231 1.0 -0.9999785593251588
-0.9998433279360995 -0.8845859282803732 -0.987845043441534 0.9989764519100444 -0.9998777216226181 -0.9999785593251588 1.0