1.0 0.9848787797582976 0.998871444096123 -0.9997800934318282 0.9999975782059157 0.999863472054685 -0.9999232899506075
0.9848787797582976 1.0 0.9919347250087368 -0.987398179011458 0.9851765088195736 0.9873675859399279 -0.9867614611737201
0.998871444096123 0.9919347250087368 1.0 -0.9994115487264321 0.9989521418054174 0.9994572310788462 -0.9993342067306376
-0.9997800934318282 -0.987398179011458 -0.9994115487264321 1.0 -0.9998038745814513 -0.9999133354160521 0.9999019668617599
0.9999975782059157 0.9851765088195736 0.9989521418054174 -0.9998038745814513 1.0 0.9998942489326986 -0.9999460494924363
0.999863472054685 0.9873675859399279 0.9994572310788462 -0.9999133354160521 0.9998942489326986 1.0 -0.9999913411638172
-0.9999232899506075 -0.9867614611737201 -0.9993342067306376 0.9999019668617599 -0.9999460494924363 -0.9999913411638172 1.0