1.0 0.6210562090172093 0.8548665965597999 -0.9791665477260846 0.9999976869590071 0.9515598993318308 -0.9998353881471759
0.6210562090172093 1.0 0.9160622425289869 -0.4895799933230903 0.6214776080953435 0.8164952755011265 -0.6325256382653641
0.8548665965597999 0.9160622425289869 1.0 -0.7414596511714039 0.8549402560336504 0.972756777753052 -0.8608253272438442
-0.9791665477260846 -0.4895799933230903 -0.7414596511714039 1.0 -0.9792223150508778 -0.8742290900126215 0.9777036472976014
0.9999976869590071 0.6214776080953435 0.8549402560336504 -0.9792223150508778 1.0 0.9515973842547782 -0.9998610622255164
0.9515598993318308 0.8164952755011265 0.972756777753052 -0.8742290900126215 0.9515973842547782 1.0 -0.9549382452580021
-0.9998353881471759 -0.6325256382653641 -0.8608253272438442 0.9777036472976014 -0.9998610622255164 -0.9549382452580021 1.0