1.0 0.6890152603898486 0.8797758243953429 -0.9806184073892684 0.9999969143800101 0.9650209022098669 -0.9998434099310064
0.6890152603898486 1.0 0.9384903707690017 -0.5833696700117665 0.6896359925661376 0.8402419547223854 -0.7001243454530286
0.8797758243953429 0.9384903707690017 1.0 -0.790450429506099 0.8800282024650897 0.9722428469404568 -0.885940571620378
-0.9806184073892684 -0.5833696700117665 -0.790450429506099 1.0 -0.9805916421983164 -0.9025793802673121 0.9792213705869791
0.9999969143800101 0.6896359925661376 0.8800282024650897 -0.9805916421983164 1.0 0.9651315921760704 -0.999867014868532
0.9650209022098669 0.8402419547223854 0.9722428469404568 -0.9025793802673121 0.9651315921760704 1.0 -0.9680420716246829
-0.9998434099310064 -0.7001243454530286 -0.885940571620378 0.9792213705869791 -0.999867014868532 -0.9680420716246829 1.0