1.0 0.8923292185302668 0.9390747298331558 -0.999340184027951 0.999998620603209 0.9936020541479095 -0.9999385951016108
0.8923292185302668 1.0 0.9886630665424105 -0.9018890063554202 0.8921964841752273 0.9358614490860719 -0.8964026351464011
0.9390747298331558 0.9886630665424105 1.0 -0.9448704231151935 0.9388614830319212 0.9717773470210649 -0.9417002163031633
-0.999340184027951 -0.9018890063554202 -0.9448704231151935 1.0 -0.9993416014237649 -0.9948547136278982 0.9996348081853704
0.999998620603209 0.8921964841752273 0.9388614830319212 -0.9993416014237649 1.0 0.9935341553455004 -0.9999410429713307
0.9936020541479095 0.9358614490860719 0.9717773470210649 -0.9948547136278982 0.9935341553455004 1.0 -0.9943926509556146
-0.9999385951016108 -0.8964026351464011 -0.9417002163031633 0.9996348081853704 -0.9999410429713307 -0.9943926509556146 1.0