1.0 0.9779447284261407 0.9957312304532798 -0.9991674416315409 0.9999942088232419 0.9997833595910723 -0.9998730050798634
0.9779447284261407 1.0 0.9921591332100529 -0.9849772216113115 0.9784627224650755 0.9817122350455356 -0.9808354631025422
0.9957312304532798 0.9921591332100529 1.0 -0.9985583232964054 0.9959067420493917 0.9970515412081553 -0.9967618417237671
-0.9991674416315409 -0.9849772216113115 -0.9985583232964054 1.0 -0.9992378951082396 -0.9996133246753149 0.9995389705492443
0.9999942088232419 0.9784627224650755 0.9959067420493917 -0.9992378951082396 1.0 0.999843306290785 -0.9999180982014767
0.9997833595910723 0.9817122350455356 0.9970515412081553 -0.9996133246753149 0.999843306290785 1.0 -0.9999879475139285
-0.9998730050798634 -0.9808354631025422 -0.9967618417237671 0.9995389705492443 -0.9999180982014767 -0.9999879475139285 1.0