1.0 0.96504898141862 0.9877044364761275 -0.9987502598733848 0.9999992293225721 0.998203139040853 -0.9998793905391007
0.96504898141862 1.0 0.9937417337906902 -0.9752919998036363 0.96525328660548 0.978479513830766 -0.9686037647541539
0.9877044364761275 0.9937417337906902 1.0 -0.99324660076941 0.9878128574542357 0.9951290180465121 -0.9897108976777261
-0.9987502598733848 -0.9752919998036363 -0.99324660076941 1.0 -0.9987838291760319 -0.9992498630641159 0.9993643260688382
0.9999992293225721 0.96525328660548 0.9878128574542357 -0.9987838291760319 1.0 0.998240454299283 -0.9998931546995921
0.998203139040853 0.978479513830766 0.9951290180465121 -0.9992498630641159 0.998240454299283 1.0 -0.9988193236430617
-0.9998793905391007 -0.9686037647541539 -0.9897108976777261 0.9993643260688382 -0.9998931546995921 -0.9988193236430617 1.0