1.0 0.8786505248750528 0.980672894807477 -0.9994360975563495 0.999996401264322 0.9980737971711076 -0.9998237748900815
0.8786505248750528 1.0 0.9514607362367038 -0.890729660895622 0.8796172062182184 0.9037205395628546 -0.8867448887476401
0.980672894807477 0.9514607362367038 1.0 -0.9854679756525908 0.9810087582220529 0.9905334518285904 -0.9836042692907336
-0.9994360975563495 -0.890729660895622 -0.9854679756525908 1.0 -0.9994981772501097 -0.9989308333276925 0.9997987351192547
0.999996401264322 0.8796172062182184 0.9810087582220529 -0.9994981772501097 1.0 0.9981572469528417 -0.9998672972301554
0.9980737971711076 0.9037205395628546 0.9905334518285904 -0.9989308333276925 0.9981572469528417 1.0 -0.9987499012900206
-0.9998237748900815 -0.8867448887476401 -0.9836042692907336 0.9997987351192547 -0.9998672972301554 -0.9987499012900206 1.0