1.0 0.7146193974253064 0.9384137052131958 -0.9960918406489074 0.9999968143108281 0.9883579670622819 -0.999823183365665
0.7146193974253064 1.0 0.8883520330104155 -0.7627616297354641 0.7155187096955554 0.7982928006647138 -0.7259366566894753
0.9384137052131958 0.8883520330104155 1.0 -0.9640943597928814 0.9385402436364142 0.9797660775294077 -0.9423041243424837
-0.9960918406489074 -0.7627616297354641 -0.9640943597928814 1.0 -0.9961079896842774 -0.9975097519365734 0.9968747856167299
0.9999968143108281 0.7155187096955554 0.9385402436364142 -0.9961079896842774 1.0 0.9883967874459277 -0.9998603647663016
0.9883579670622819 0.7982928006647138 0.9797660775294077 -0.9975097519365734 0.9883967874459277 1.0 -0.9898582460021679
-0.999823183365665 -0.7259366566894753 -0.9423041243424837 0.9968747856167299 -0.9998603647663016 -0.9898582460021679 1.0