1.0 0.674465295103926 0.8732371842016187 -0.9875149857953887 0.9999969358518991 0.9852305819225495 -0.9998326538572543
0.674465295103926 1.0 0.939191854392057 -0.7814110846166459 0.6753926528051578 0.7748880453781231 -0.6862334907710708
0.8732371842016187 0.939191854392057 1.0 -0.9380716080618544 0.8736528726381637 0.9397333521838864 -0.8798880912232088
-0.9875149857953887 -0.7814110846166459 -0.9380716080618544 1.0 -0.9876805984967856 -0.9973081633269959 0.9897458192788948
0.9999969358518991 0.6753926528051578 0.8736528726381637 -0.9876805984967856 1.0 0.9853325226440031 -0.9998674419185761
0.9852305819225495 0.7748880453781231 0.9397333521838864 -0.9973081633269959 0.9853325226440031 1.0 -0.9870241101839703
-0.9998326538572543 -0.6862334907710708 -0.8798880912232088 0.9897458192788948 -0.9998674419185761 -0.9870241101839703 1.0