1.0 -0.9811930488090751 -0.9811930488090751 0.9838383332925338 0.9997351065575677 -0.9811930488090751 0.9343351241478418
-0.9811930488090751 1.0 1.0 -0.9997811678866116 -0.9776343412990403 1.0 -0.9854967288675097
-0.9811930488090751 1.0 1.0 -0.9997811678866116 -0.9776343412990403 1.0 -0.9854967288675097
0.9838383332925338 -0.9997811678866116 -0.9997811678866116 1.0 0.980750395423038 -0.9997811678866116 0.9825569873250624
0.9997351065575677 -0.9776343412990403 -0.9776343412990403 0.980750395423038 1.0 -0.9776343412990403 0.927772886098879
-0.9811930488090751 1.0 1.0 -0.9997811678866116 -0.9776343412990403 1.0 -0.9854967288675097
0.9343351241478418 -0.9854967288675097 -0.9854967288675097 0.9825569873250624 0.927772886098879 -0.9854967288675097 1.0