1.0 0.9878461707202506 0.9989522979467091 -0.9998486514929303 0.9999979540891483 0.9998617636095471 -0.9999237819854984
0.9878461707202506 1.0 0.9936808130847725 -0.9886707841460746 0.9881389080030579 0.9902026920977236 -0.9896226974399155
0.9989522979467091 0.9936808130847725 1.0 -0.9990807563359145 0.999033889590707 0.9995199158402464 -0.9994009440867132
-0.9998486514929303 -0.9886707841460746 -0.9990807563359145 1.0 -0.9998589961032354 -0.9998653009501219 0.9998862396078788
0.9999979540891483 0.9881389080030579 0.999033889590707 -0.9998589961032354 1.0 0.9998917464555911 -0.9999456543681912
0.9998617636095471 0.9902026920977236 0.9995199158402464 -0.9998653009501219 0.9998917464555911 1.0 -0.9999907836752548
-0.9999237819854984 -0.9896226974399155 -0.9994009440867132 0.9998862396078788 -0.9999456543681912 -0.9999907836752548 1.0