1.0 0.9824513665681257 0.9987301280644215 -0.999345131739717 0.9999985996281425 0.9998161730797819 -0.9999030404351449
0.9824513665681257 1.0 0.9900836377625193 -0.9876178416494712 0.9827281916027003 0.9857490060638505 -0.9848892712481787
0.9987301280644215 0.9900836377625193 1.0 -0.9997507419334204 0.9987975842208465 0.9995056907585274 -0.9993292569351979
-0.999345131739717 -0.9876178416494712 -0.9997507419334204 1.0 -0.9993825256623636 -0.9997978123040899 0.9997080293547075
0.9999985996281425 0.9827281916027003 0.9987975842208465 -0.9993825256623636 1.0 0.9998417867254313 -0.9999215041088644
0.9998161730797819 0.9857490060638505 0.9995056907585274 -0.9997978123040899 0.9998417867254313 1.0 -0.9999861690089544
-0.9999030404351449 -0.9848892712481787 -0.9993292569351979 0.9997080293547075 -0.9999215041088644 -0.9999861690089544 1.0