1.0 0.9880024740196544 0.9942293433669036 -0.9999073756820736 0.9999983879722731 0.9978198117963429 -0.9999530560566748
0.9880024740196544 1.0 0.9978869086470811 -0.9892961287614179 0.9881932977980147 0.9956044054031177 -0.9893366828352583
0.9942293433669036 0.9978869086470811 1.0 -0.995158770132182 0.9943117413922116 0.9991312930273598 -0.9949603549398895
-0.9999073756820736 -0.9892961287614179 -0.995158770132182 1.0 -0.9999142731413996 -0.9983589181790932 0.9999357739195308
0.9999983879722731 0.9881932977980147 0.9943117413922116 -0.9999142731413996 1.0 0.9978754199497173 -0.9999672693760058
0.9978198117963429 0.9956044054031177 0.9991312930273598 -0.9983589181790932 0.9978754199497173 1.0 -0.9982735987598181
-0.9999530560566748 -0.9893366828352583 -0.9949603549398895 0.9999357739195308 -0.9999672693760058 -0.9982735987598181 1.0