1.0 0.9664207899186056 0.9920717342110383 -0.9993611461832552 0.9999970830559068 0.9990753931314702 -0.9998999051537228
0.9664207899186056 1.0 0.9890319934338041 -0.9706098320369785 0.9667209093532656 0.9748200335528874 -0.9694191795362166
0.9920717342110383 0.9890319934338041 1.0 -0.9936232447910003 0.9921790506570255 0.9961544358987654 -0.9932972679676307
-0.9993611461832552 -0.9706098320369785 -0.9936232447910003 1.0 -0.9993797676681275 -0.9990374694243189 0.9996163017283546
0.9999970830559068 0.9667209093532656 0.9921790506570255 -0.9993797676681275 1.0 0.999113113949435 -0.9999215190054412
0.9990753931314702 0.9748200335528874 0.9961544358987654 -0.9990374694243189 0.999113113949435 1.0 -0.9993949219716098
-0.9998999051537228 -0.9694191795362166 -0.9932972679676307 0.9996163017283546 -0.9999215190054412 -0.9993949219716098 1.0