1.0 0.963047701902983 0.9969493326401376 -0.9994951838876167 0.9999975690945084 0.999860186815847 -0.9999231968657588
0.963047701902983 1.0 0.9810562226077565 -0.9706272511612332 0.9635268063468884 0.9671416347075036 -0.966086052892635
0.9969493326401376 0.9810562226077565 1.0 -0.9987888352636438 0.9970866840678693 0.9980404622131598 -0.9977783927611853
-0.9994951838876167 -0.9706272511612332 -0.9987888352636438 1.0 -0.99955484546147 -0.9998715877524712 0.9997997856736771
0.9999975690945084 0.9635268063468884 0.9970866840678693 -0.99955484546147 1.0 0.9998929409957314 -0.9999470294817241
0.999860186815847 0.9671416347075036 0.9980404622131598 -0.9998715877524712 0.9998929409957314 1.0 -0.9999905662304648
-0.9999231968657588 -0.966086052892635 -0.9977783927611853 0.9997997856736771 -0.9999470294817241 -0.9999905662304648 1.0