1.0 0.9966612810742912 0.9987832949565363 -0.999658018063677 0.9999987141321712 0.9999203053191363 -0.9999560163717359
0.9966612810742912 1.0 0.9991659305568077 -0.9983002730910582 0.9967300717928069 0.9975960825119203 -0.9973671893891419
0.9987832949565363 0.9991659305568077 1.0 -0.9996388021981406 0.9988159178114169 0.9992875656850995 -0.9991711095912829
-0.999658018063677 -0.9983002730910582 -0.9996388021981406 1.0 -0.9996665106824152 -0.9998731924118183 0.9998288456471167
0.9999987141321712 0.9967300717928069 0.9988159178114169 -0.9996665106824152 1.0 0.9999311323189384 -0.9999641878527867
0.9999203053191363 0.9975960825119203 0.9992875656850995 -0.9998731924118183 0.9999311323189384 1.0 -0.999994621409225
-0.9999560163717359 -0.9973671893891419 -0.9991711095912829 0.9998288456471167 -0.9999641878527867 -0.999994621409225 1.0