1.0 0.9905768717310143 0.9982034109575695 -0.9992505751353262 0.9999993345681171 0.9998698668276242 -0.999933786820322
0.9905768717310143 1.0 0.9968486371266126 -0.9944796160767603 0.9906496014314989 0.9925303891590107 -0.9919992646523127
0.9982034109575695 0.9968486371266126 1.0 -0.9996462220043367 0.9982322717500884 0.9990097113877505 -0.9988046055820397
-0.9992505751353262 -0.9944796160767603 -0.9996462220043367 1.0 -0.9992617936603028 -0.9996973579960126 0.9995924445081288
0.9999993345681171 0.9906496014314989 0.9982322717500884 -0.9992617936603028 1.0 0.9998790658019925 -0.9999404189275095
0.9998698668276242 0.9925303891590107 0.9990097113877505 -0.9996973579960126 0.9998790658019925 1.0 -0.999989224772699
-0.999933786820322 -0.9919992646523127 -0.9988046055820397 0.9995924445081288 -0.9999404189275095 -0.999989224772699 1.0