1.0 0.9980779568099847 0.9991510343139248 -0.9997767581450585 0.9999983370935018 0.9999419455004684 -0.9999685185958647
0.9980779568099847 1.0 0.9996337412699452 -0.9989701095241804 0.9980865545827636 0.9986502593221609 -0.9985065993822301
0.9991510343139248 0.9996337412699452 1.0 -0.999701546101374 0.9991491193235946 0.9995055712591701 -0.9994189214833092
-0.9997767581450585 -0.9989701095241804 -0.999701546101374 1.0 -0.9997639390764738 -0.9999006031539652 0.9998740674796648
0.9999983370935018 0.9980865545827636 0.9991491193235946 -0.9997639390764738 1.0 0.9999450544959784 -0.9999711814026849
0.9999419455004684 0.9986502593221609 0.9995055712591701 -0.9999006031539652 0.9999450544959784 1.0 -0.999995806729303
-0.9999685185958647 -0.9985065993822301 -0.9994189214833092 0.9998740674796648 -0.9999711814026849 -0.999995806729303 1.0