1.0 0.9755422710334828 0.9976572382821346 -0.9996413913911354 0.9999972655232858 0.999850337375211 -0.9999156113998283
0.9755422710334828 1.0 0.9875445969425941 -0.9766732392711241 0.9759708337100679 0.9790035678959216 -0.9781724205579408
0.9976572382821346 0.9875445969425941 1.0 -0.9981919706852376 0.9977695025177999 0.9986079444704813 -0.9983958296302491
-0.9996413913911354 -0.9766732392711241 -0.9981919706852376 1.0 -0.9996311186207057 -0.9996683971971279 0.9996821296039884
0.9999972655232858 0.9759708337100679 0.9977695025177999 -0.9996311186207057 1.0 0.9998813071399462 -0.9999386450185164
0.999850337375211 0.9790035678959216 0.9986079444704813 -0.9996683971971279 0.9998813071399462 1.0 -0.9999906226979705
-0.9999156113998283 -0.9781724205579408 -0.9983958296302491 0.9996821296039884 -0.9999386450185164 -0.9999906226979705 1.0