1.0 0.9994672376373619 0.9999192135115706 -0.9998815916715621 0.9999974074337181 0.9999697998052853 -0.9999814370178302
0.9994672376373619 1.0 0.9997845285495588 -0.9997057813343385 0.9995061797835197 0.9996873907588866 -0.9996429612768676
0.9999192135115706 0.9997845285495588 1.0 -0.9999373888312686 0.9999316051885383 0.9999818783626859 -0.999972715726329
-0.9998815916715621 -0.9997057813343385 -0.9999373888312686 1.0 -0.9998758823898449 -0.9999285381659736 0.9999186790300916
0.9999974074337181 0.9995061797835197 0.9999316051885383 -0.9998758823898449 1.0 0.9999789560878305 -0.9999887135579767
0.9999697998052853 0.9996873907588866 0.9999818783626859 -0.9999285381659736 0.9999789560878305 1.0 -0.9999984811111943
-0.9999814370178302 -0.9996429612768676 -0.999972715726329 0.9999186790300916 -0.9999887135579767 -0.9999984811111943 1.0