1.0 0.9941572316489993 0.9996700164422068 -0.9998114078054186 0.9999954286019292 0.999887927564775 -0.99993474106174
0.9941572316489993 1.0 0.9964931013693694 -0.9947191141110295 0.9944275558638476 0.9956100442870259 -0.9952818730834918
0.9996700164422068 0.9964931013693694 1.0 -0.9996535454135826 0.9997328451075618 0.9999368336432785 -0.9998931333451617
-0.9998114078054186 -0.9947191141110295 -0.9996535454135826 1.0 -0.9998029314218068 -0.999785963235165 0.999806674139979
0.9999954286019292 0.9944275558638476 0.9997328451075618 -0.9998029314218068 1.0 0.9999244749283348 -0.999961966899442
0.999887927564775 0.9956100442870259 0.9999368336432785 -0.999785963235165 0.9999244749283348 1.0 -0.9999936247764899
-0.99993474106174 -0.9952818730834918 -0.9998931333451617 0.999806674139979 -0.999961966899442 -0.9999936247764899 1.0