1.0 0.9901393140824449 0.9978849116871767 -0.9992331539691547 0.9999994087406129 0.999891650105021 -0.9999450872806985
0.9901393140824449 1.0 0.9966481897607276 -0.994656697386931 0.9901345489980108 0.9920289170064597 -0.9915031221177363
0.9978849116871767 0.9966481897607276 1.0 -0.9995945675463184 0.9978665357102994 0.9986919739610324 -0.9984755636713951
-0.9992331539691547 -0.994656697386931 -0.9995945675463184 1.0 -0.9992271636427974 -0.9996765471287973 0.9995681101593062
0.9999994087406129 0.9901345489980108 0.9978665357102994 -0.9992271636427974 1.0 0.9998906527504456 -0.9999445784461283
0.999891650105021 0.9920289170064597 0.9986919739610324 -0.9996765471287973 0.9998906527504456 1.0 -0.9999909031455833
-0.9999450872806985 -0.9915031221177363 -0.9984755636713951 0.9995681101593062 -0.9999445784461283 -0.9999909031455833 1.0