1.0 0.8160717948438035 0.9246517657756813 -0.9982605163702093 0.9999951525527991 0.9896942897747135 -0.9997875697240437
0.8160717948438035 1.0 0.9696975018447711 -0.8435964784965141 0.8167797393091737 0.886825870520571 -0.825930084443409
0.9246517657756813 0.9696975018447711 1.0 -0.9411597200024031 0.9249781364839451 0.968527948239567 -0.9303499814126291
-0.9982605163702093 -0.8435964784965141 -0.9411597200024031 1.0 -0.9983485120690017 -0.9948740108829603 0.9991098722917184
0.9999951525527991 0.8167797393091737 0.9249781364839451 -0.9983485120690017 1.0 0.9898266523968423 -0.9998319227555443
0.9896942897747135 0.886825870520571 0.968527948239567 -0.9948740108829603 0.9898266523968423 1.0 -0.991634522652888
-0.9997875697240437 -0.825930084443409 -0.9303499814126291 0.9991098722917184 -0.9998319227555443 -0.991634522652888 1.0