1.0 0.9962734302703491 0.999590697558321 -0.9998584398790106 0.9999981786862915 0.99992955613971 -0.9999593463058186
0.9962734302703491 1.0 0.9982107085657662 -0.9969328502479231 0.9964156241031717 0.9971968133826344 -0.9969890559717791
0.999590697558321 0.9982107085657662 1.0 -0.9997580089672153 0.9996296569828748 0.9998327141154617 -0.9997859978007742
-0.9998584398790106 -0.9969328502479231 -0.9997580089672153 1.0 -0.9998629294501225 -0.9998989874444767 0.9998976508204508
0.9999981786862915 0.9964156241031717 0.9996296569828748 -0.9998629294501225 1.0 0.9999476282717656 -0.9999729654582927
0.99992955613971 0.9971968133826344 0.9998327141154617 -0.9998989874444767 0.9999476282717656 1.0 -0.9999958312878638
-0.9999593463058186 -0.9969890559717791 -0.9997859978007742 0.9998976508204508 -0.9999729654582927 -0.9999958312878638 1.0