1.0 0.9939296141344813 0.998653853710384 -0.9995430371987952 0.9999988195061631 0.9999153943906066 -0.9999539214614523
0.9939296141344813 1.0 0.9982068892064883 -0.9964980488740816 0.9940176375903931 0.9951761688507175 -0.9948612058460276
0.998653853710384 0.9982068892064883 1.0 -0.9996130357478656 0.9986899177250552 0.9991826026552626 -0.9990562419437186
-0.9995430371987952 -0.9964980488740816 -0.9996130357478656 1.0 -0.9995589934761506 -0.9998261763705111 0.9997644894596259
0.9999988195061631 0.9940176375903931 0.9986899177250552 -0.9995589934761506 1.0 0.9999269754953208 -0.9999626468358928
0.9999153943906066 0.9951761688507175 0.9991826026552626 -0.9998261763705111 0.9999269754953208 1.0 -0.9999940556775742
-0.9999539214614523 -0.9948612058460276 -0.9990562419437186 0.9997644894596259 -0.9999626468358928 -0.9999940556775742 1.0