1.0 0.9942397331060636 0.9987790629457493 -0.9988685581307388 0.9999996212500065 0.9998930778288935 -0.9999480484669594
0.9942397331060636 1.0 0.9982130349186953 -0.9980678296227535 0.9941990204895121 0.9956538575362917 -0.9952452685216729
0.9987790629457493 0.9982130349186953 1.0 -0.9998692934561716 0.9987647139881943 0.9993787180530557 -0.9992202712396522
-0.9988685581307388 -0.9980678296227535 -0.9998692934561716 1.0 -0.99884668871482 -0.9994353285998047 0.9992823587982655
0.9999996212500065 0.9941990204895121 0.9987647139881943 -0.99884668871482 1.0 0.9998884083622694 -0.9999449365612548
0.9998930778288935 0.9956538575362917 0.9993787180530557 -0.9994353285998047 0.9998884083622694 1.0 -0.9999901042338659
-0.9999480484669594 -0.9952452685216729 -0.9992202712396522 0.9992823587982655 -0.9999449365612548 -0.9999901042338659 1.0