1.0 0.9931094372149063 0.9991692167243129 -0.9996402083666936 0.99999786030101 0.9998808626198655 -0.9999340394557683
0.9931094372149063 1.0 0.9966917099653119 -0.9950500638399047 0.9933020918190426 0.9947238377052815 -0.994339417498211
0.9991692167243129 0.9966917099653119 1.0 -0.999635712853628 0.9992294243203369 0.9996421851757443 -0.999544564650044
-0.9996402083666936 -0.9950500638399047 -0.999635712853628 1.0 -0.9996604044542392 -0.999881795172173 0.999837277477599
0.99999786030101 0.9933020918190426 0.9992294243203369 -0.9996604044542392 1.0 0.9999021610209753 -0.9999500232682164
0.9998808626198655 0.9947238377052815 0.9996421851757443 -0.999881795172173 0.9999021610209753 1.0 -0.9999920152291469
-0.9999340394557683 -0.994339417498211 -0.999544564650044 0.999837277477599 -0.9999500232682164 -0.9999920152291469 1.0