1.0 0.9348607714414062 0.991554602431044 -0.9982439997822413 0.9999992521733247 0.9998383838860725 -0.999921209763582
0.9348607714414062 1.0 0.971668013594546 -0.9533035087125289 0.9350419385762083 0.9407500873345136 -0.9390048582396603
0.991554602431044 0.971668013594546 1.0 -0.9971425647864155 0.9916037171007526 0.9936413200993562 -0.9930389084809438
-0.9982439997822413 -0.9533035087125289 -0.9971425647864155 1.0 -0.9982601734156589 -0.9990796142176899 0.9988564337001375
0.9999992521733247 0.9350419385762083 0.9916037171007526 -0.9982601734156589 1.0 0.999847589303822 -0.999927807246067
0.9998383838860725 0.9407500873345136 0.9936413200993562 -0.9990796142176899 0.999847589303822 1.0 -0.999985175611623
-0.999921209763582 -0.9390048582396603 -0.9930389084809438 0.9988564337001375 -0.999927807246067 -0.999985175611623 1.0