1.0 0.9905491001902157 0.9993549779034058 -0.999695760925424 0.9999964637283095 0.999867410043885 -0.999925903812325
0.9905491001902157 1.0 0.994746866584434 -0.9897705702318479 0.9908941701010934 0.9925515125905755 -0.9920785979994902
0.9993549779034058 0.994746866584434 1.0 -0.9990043758865773 0.999444177300591 0.9997893840529051 -0.9997069894325354
-0.999695760925424 -0.9897705702318479 -0.9990043758865773 1.0 -0.9996774160219366 -0.9996253395516633 0.9996628751547483
0.9999964637283095 0.9908941701010934 0.999444177300591 -0.9996774160219366 1.0 0.9999024840488775 -0.9999515661155913
0.999867410043885 0.9925515125905755 0.9997893840529051 -0.9996253395516633 0.9999024840488775 1.0 -0.9999914943205045
-0.999925903812325 -0.9920785979994902 -0.9997069894325354 0.9996628751547483 -0.9999515661155913 -0.9999914943205045 1.0