1.0 0.9921943543410425 0.9975712891990195 -0.9993589503666085 0.9999989688830077 0.9999096719547758 -0.9999516354625063
0.9921943543410425 1.0 0.9980874581238807 -0.9958025691248156 0.9922838788668319 0.9936373885667941 -0.9932544182633155
0.9975712891990195 0.9980874581238807 1.0 -0.9990263701674674 0.9976032549716166 0.9982206553014897 -0.9980531016581622
-0.9993589503666085 -0.9958025691248156 -0.9990263701674674 1.0 -0.9993904003232272 -0.9997361952455883 0.9996503385164588
0.9999989688830077 0.9922838788668319 0.9976032549716166 -0.9993904003232272 1.0 0.9999232936179768 -0.9999616255594163
0.9999096719547758 0.9936373885667941 0.9982206553014897 -0.9997361952455883 0.9999232936179768 1.0 -0.9999934149160328
-0.9999516354625063 -0.9932544182633155 -0.9980531016581622 0.9996503385164588 -0.9999616255594163 -0.9999934149160328 1.0