1.0 0.9603464213288434 0.995547852961726 -0.9995280662471401 0.9999989571432479 0.9998588220408069 -0.9999250977578231
0.9603464213288434 1.0 0.9816721918353289 -0.9661044743727186 0.9604768841951061 0.9645385500519859 -0.9633980519065829
0.995547852961726 0.9816721918353289 1.0 -0.9974212935883333 0.9955845710679263 0.9968705966162696 -0.9965267584893619
-0.9995280662471401 -0.9661044743727186 -0.9974212935883333 1.0 -0.9995424828061686 -0.9998387727432224 0.9997803613175215
0.9999989571432479 0.9604768841951061 0.9955845710679263 -0.9995424828061686 1.0 0.9998714756776461 -0.9999344691573675
0.9998588220408069 0.9645385500519859 0.9968705966162696 -0.9998387727432224 0.9998714756776461 1.0 -0.9999894830740613
-0.9999250977578231 -0.9633980519065829 -0.9965267584893619 0.9997803613175215 -0.9999344691573675 -0.9999894830740613 1.0