1.0 0.9957322304217062 0.9997309773377071 -0.9994442529015541 0.9999986515786621 0.9998860435625608 -0.9999369321170865
0.9957322304217062 1.0 0.9974219357541616 -0.9980457287225275 0.995850478814013 0.9969868434439297 -0.9966906499901497
0.9997309773377071 0.9974219357541616 1.0 -0.9998891224314851 0.9997541750287909 0.9999318402188979 -0.9999020286774349
-0.9994442529015541 -0.9980457287225275 -0.9998891224314851 1.0 -0.9994799612661899 -0.9997997052200288 0.9997297641796002
0.9999986515786621 0.995850478814013 0.9997541750287909 -0.9994799612661899 1.0 0.999903123176553 -0.9999497144737323
0.9998860435625608 0.9969868434439297 0.9999318402188979 -0.9997997052200288 0.999903123176553 1.0 -0.9999924118256034
-0.9999369321170865 -0.9966906499901497 -0.9999020286774349 0.9997297641796002 -0.9999497144737323 -0.9999924118256034 1.0