1.0 0.9897496428127041 0.9966897571312582 -0.9997035020332643 0.9999976677200642 0.9998902935069773 -0.9999403540689753
0.9897496428127041 1.0 0.9972130607081334 -0.992608225534704 0.9898961297086436 0.9916236550182854 -0.9911347641269929
0.9966897571312582 0.9972130607081334 1.0 -0.9982052689592852 0.9967226791028503 0.9975342447484884 -0.9973117085821882
-0.9997035020332643 -0.992608225534704 -0.9982052689592852 1.0 -0.9997109883521597 -0.9999008132123182 0.9998627919328613
0.9999976677200642 0.9898961297086436 0.9967226791028503 -0.9997109883521597 1.0 0.9999076662212697 -0.999953606310826
0.9998902935069773 0.9916236550182854 0.9975342447484884 -0.9999008132123182 0.9999076662212697 1.0 -0.9999921468397732
-0.9999403540689753 -0.9911347641269929 -0.9973117085821882 0.9998627919328613 -0.999953606310826 -0.9999921468397732 1.0