1.0 0.9994722244007231 0.9999228304269214 -0.9997909853295359 0.9999971351807977 0.9999565790373443 -0.9999747874703976
0.9994722244007231 1.0 0.9997928707935079 -0.9995015953914881 0.9995196738276226 0.9997274754207824 -0.9996730857762912
0.9999228304269214 0.9997928707935079 1.0 -0.9997966604995404 0.9999381643529199 0.9999907474800558 -0.999981565445255
-0.9997909853295359 -0.9995015953914881 -0.9997966604995404 1.0 -0.9997756122263114 -0.9998180574936811 0.999811179318602
0.9999971351807977 0.9995196738276226 0.9999381643529199 -0.9997756122263114 1.0 0.9999692056049613 -0.9999846541749048
0.9999565790373443 0.9997274754207824 0.9999907474800558 -0.9998180574936811 0.9999692056049613 1.0 -0.9999973066238488
-0.9999747874703976 -0.9996730857762912 -0.999981565445255 0.999811179318602 -0.9999846541749048 -0.9999973066238488 1.0