1.0 0.9964787702685967 0.9991295715110335 -0.9997513876797631 0.9999979913350242 0.9999277857965723 -0.9999584245245283
0.9964787702685967 1.0 0.9990754528172325 -0.9978061101220316 0.9965834059441223 0.9973271760974391 -0.9971341568121562
0.9991295715110335 0.9990754528172325 1.0 -0.9996251937965498 0.9991783567315471 0.9994992395103867 -0.999422645155246
-0.9997513876797631 -0.9978061101220316 -0.9996251937965498 1.0 -0.9997702847531295 -0.9999228935714208 0.9998915052593133
0.9999979913350242 0.9965834059441223 0.9991783567315471 -0.9997702847531295 1.0 0.999943311672772 -0.9999703372127609
0.9999277857965723 0.9973271760974391 0.9994992395103867 -0.9999228935714208 0.999943311672772 1.0 -0.9999956422251
-0.9999584245245283 -0.9971341568121562 -0.999422645155246 0.9998915052593133 -0.9999703372127609 -0.9999956422251 1.0