1.0 0.9549582382229697 0.9847305527626851 -0.9995850081514048 0.9999962784145813 0.998376932093343 -0.9998645866769268
0.9549582382229697 1.0 0.9892269158178556 -0.9620264995674767 0.9555404932420257 0.9689540440570403 -0.959292082634614
0.9847305527626851 0.9892269158178556 1.0 -0.9891686606980309 0.9849910626149824 0.9929396992377418 -0.9868839420380319
-0.9995850081514048 -0.9620264995674767 -0.9891686606980309 1.0 -0.9996173892160402 -0.999537740832371 0.9997939711719952
0.9999962784145813 0.9555404932420257 0.9849910626149824 -0.9996173892160402 1.0 0.9984590187142229 -0.999902144845826
0.998376932093343 0.9689540440570403 0.9929396992377418 -0.999537740832371 0.9984590187142229 1.0 -0.9989745629801943
-0.9998645866769268 -0.959292082634614 -0.9868839420380319 0.9997939711719952 -0.999902144845826 -0.9989745629801943 1.0