1.0 0.17925271127652587 0.9016483188420031 -0.9333010973229113 0.9999740735241309 0.9717826620240195 -0.9978589684840495
0.17925271127652587 1.0 0.5792322591695692 0.017118761443224183 0.17908878322251687 0.3871259197457714 -0.23898780731356714
0.9016483188420031 0.5792322591695692 1.0 -0.7452919918059226 0.9012941842565696 0.9739722854875268 -0.9247233730849276
-0.9333010973229113 0.017118761443224183 -0.7452919918059226 1.0 -0.9334401177810634 -0.8397070954207684 0.924196666732304
0.9999740735241309 0.17908878322251687 0.9012941842565696 -0.9334401177810634 1.0 0.9717293182051381 -0.9979186446730668
0.9717826620240195 0.3871259197457714 0.9739722854875268 -0.8397070954207684 0.9717293182051381 1.0 -0.9821756044698629
-0.9978589684840495 -0.23898780731356714 -0.9247233730849276 0.924196666732304 -0.9979186446730668 -0.9821756044698629 1.0