1.0 0.2849197795475633 0.8790115827049084 -0.9334343853132101 0.999979839719373 0.9628785759678353 -0.9966503291118505
0.2849197795475633 1.0 0.706595269979654 -0.08287888565048479 0.28574957333986595 0.5207653144486352 -0.35801290279833825
0.8790115827049084 0.706595269979654 1.0 -0.7219557587811675 0.8794174552890714 0.9709797223484656 -0.9125668582150664
-0.9334343853132101 -0.08287888565048479 -0.7219557587811675 1.0 -0.9337363029250412 -0.8265714803413566 0.921204797518468
0.999979839719373 0.28574957333986595 0.8794174552890714 -0.9337363029250412 1.0 0.9631416297824827 -0.9968406293365015
0.9628785759678353 0.5207653144486352 0.9709797223484656 -0.8265714803413566 0.9631416297824827 1.0 -0.9787018095813171
-0.9966503291118505 -0.35801290279833825 -0.9125668582150664 0.921204797518468 -0.9968406293365015 -0.9787018095813171 1.0