1.0 0.2891411050659963 0.875558007388717 -0.9341419993907046 0.9999808777678734 0.9612146390160381 -0.9961554902315012
0.2891411050659963 1.0 0.71472194128847 -0.10079884608783528 0.2903790290153754 0.5299974119567348 -0.36712902997015096
0.875558007388717 0.71472194128847 1.0 -0.7246605699888543 0.8761420648466807 0.97094373944007 -0.9117622286715872
-0.9341419993907046 -0.10079884608783528 -0.7246605699888543 1.0 -0.9347343855351434 -0.8283719581832357 0.9224961144538824
0.9999808777678734 0.2903790290153754 0.8761420648466807 -0.9347343855351434 1.0 0.9614648473003654 -0.9963822997585146
0.9612146390160381 0.5299974119567348 0.97094373944007 -0.8283719581832357 0.9614648473003654 1.0 -0.9784062731168678
-0.9961554902315012 -0.36712902997015096 -0.9117622286715872 0.9224961144538824 -0.9963822997585146 -0.9784062731168678 1.0