1.0 -0.08464462047477134 0.7730590035386898 -0.8990322237432135 0.9999896600047665 0.9366635701271894 -0.9983599657403043
-0.08464462047477134 1.0 0.5326151664248139 0.37965986703723165 -0.08354499077735236 0.23690948286212157 0.030575239956456803
0.7730590035386898 0.5326151664248139 1.0 -0.47113736397857764 0.7737390023775499 0.9424197291916803 -0.8023883502323629
-0.8990322237432135 0.37965986703723165 -0.47113736397857764 1.0 -0.8989964126667713 -0.7047204953896886 0.8854492114415824
0.9999896600047665 -0.08354499077735236 0.7737390023775499 -0.8989964126667713 1.0 0.93702644596516 -0.9984701492820646
0.9366635701271894 0.23690948286212157 0.9424197291916803 -0.7047204953896886 0.93702644596516 1.0 -0.9507023470665801
-0.9983599657403043 0.030575239956456803 -0.8023883502323629 0.8854492114415824 -0.9984701492820646 -0.9507023470665801 1.0