1.0 0.21497575724436005 0.8843808107097114 -0.9376801719894413 0.9999575081286558 0.9607097349807596 -0.9966547697917163
0.21497575724436005 1.0 0.6366233281705695 0.01791219689975104 0.21826000079663602 0.46430322439477817 -0.28936307150900914
0.8843808107097114 0.6366233281705695 1.0 -0.7062122425788163 0.8856055100966166 0.9782026317258019 -0.9155587899306067
-0.9376801719894413 0.01791219689975104 -0.7062122425788163 1.0 -0.9376325727127082 -0.8220169720028287 0.9232843667668015
0.9999575081286558 0.21826000079663602 0.8856055100966166 -0.9376325727127082 1.0 0.961338608834944 -0.9969701391504099
0.9607097349807596 0.46430322439477817 0.9782026317258019 -0.8220169720028287 0.961338608834944 1.0 -0.9767849290383501
-0.9966547697917163 -0.28936307150900914 -0.9155587899306067 0.9232843667668015 -0.9969701391504099 -0.9767849290383501 1.0