1.0 0.13394214696576537 0.9034847174556931 -0.9299522034158256 0.9999850189465769 0.9729119776020725 -0.9979949086990907
0.13394214696576537 1.0 0.5380817626701152 0.06421069220645814 0.1337838822843782 0.3404489736945521 -0.19213072421956184
0.9034847174556931 0.5380817626701152 1.0 -0.7435928725832871 0.9032851591665898 0.9738417976815368 -0.9256548138897509
-0.9299522034158256 0.06421069220645814 -0.7435928725832871 1.0 -0.9302739536248035 -0.8372575616291473 0.9215651588160071
0.9999850189465769 0.1337838822843782 0.9032851591665898 -0.9302739536248035 1.0 0.9728625408589898 -0.9980599519166052
0.9729119776020725 0.3404489736945521 0.9738417976815368 -0.8372575616291473 0.9728625408589898 1.0 -0.9826235747632703
-0.9979949086990907 -0.19213072421956184 -0.9256548138897509 0.9215651588160071 -0.9980599519166052 -0.9826235747632703 1.0