1.0 -0.07269812610526777 0.7856807767135462 -0.9039457476236649 0.9999851891354123 0.9377779372873487 -0.998115968790482
-0.07269812610526777 1.0 0.533013494919056 0.37861599405874996 -0.06878478236966117 0.2530870241461505 0.014891072619820223
0.7856807767135462 0.533013494919056 1.0 -0.4951077828216296 0.7878956779366572 0.9481501415946162 -0.8166137568660944
-0.9039457476236649 0.37861599405874996 -0.4951077828216296 1.0 -0.9033675539140353 -0.7152443774109085 0.8887965089609451
0.9999851891354123 -0.06878478236966117 0.7878956779366572 -0.9033675539140353 1.0 0.9388761873699168 -0.9983828852500525
0.9377779372873487 0.2530870241461505 0.9481501415946162 -0.7152443774109085 0.9388761873699168 1.0 -0.9531627717601535
-0.998115968790482 0.014891072619820223 -0.8166137568660944 0.8887965089609451 -0.9983828852500525 -0.9531627717601535 1.0