1.0 0.12641165049885875 0.8805407799720388 -0.930663364035844 0.9999852340645272 0.9608556515037364 -0.9974792127156344
0.12641165049885875 1.0 0.5718743455549044 0.1351196742717969 0.12741138625555254 0.3806323200769773 -0.1921072062461145
0.8805407799720388 0.5718743455549044 1.0 -0.6775180791742216 0.8808373963691227 0.9761176680273164 -0.9080417563787517
-0.930663364035844 0.1351196742717969 -0.6775180791742216 1.0 -0.9311107803470777 -0.8055157516885874 0.9162079234454987
0.9999852340645272 0.12741138625555254 0.8808373963691227 -0.9311107803470777 1.0 0.9609781702320306 -0.9976385740376674
0.9608556515037364 0.3806323200769773 0.9761176680273164 -0.8055157516885874 0.9609781702320306 1.0 -0.9748560825979143
-0.9974792127156344 -0.1921072062461145 -0.9080417563787517 0.9162079234454987 -0.9976385740376674 -0.9748560825979143 1.0