1.0 0.5114154493391333 0.937969765135196 -0.9657740933459253 0.999948323357695 0.982581792120529 -0.9969549063817191
0.5114154493391333 1.0 0.7726744167854918 -0.4538209646219289 0.5143650367949056 0.6503092711737396 -0.5721543727139602
0.937969765135196 0.7726744167854918 1.0 -0.8823052175009388 0.9388785890542899 0.9830157884983876 -0.9592072902928845
-0.9657740933459253 -0.4538209646219289 -0.8823052175009388 1.0 -0.9660379078670598 -0.9263890191189234 0.9640858063890154
0.999948323357695 0.5143650367949056 0.9388785890542899 -0.9660379078670598 1.0 0.9830781767507588 -0.9972992875420257
0.982581792120529 0.6503092711737396 0.9830157884983876 -0.9263890191189234 0.9830781767507588 1.0 -0.9917817115357437
-0.9969549063817191 -0.5721543727139602 -0.9592072902928845 0.9640858063890154 -0.9972992875420257 -0.9917817115357437 1.0