1.0 -0.008995339537200926 0.7681201768603525 -0.8981161711589906 0.9999895618747826 0.9335549907308143 -0.9982969256415117
-0.008995339537200926 1.0 0.6085213924523916 0.34041488841171225 -0.006590919739163536 0.3261207695291391 -0.04579274537973597
0.7681201768603525 0.6085213924523916 1.0 -0.4580347602203589 0.7697929494710993 0.9431496999625311 -0.7990088011357883
-0.8981161711589906 0.34041488841171225 -0.4580347602203589 1.0 -0.8973848274506562 -0.6963839061174958 0.8827750062072206
0.9999895618747826 -0.006590919739163536 0.7697929494710993 -0.8973848274506562 1.0 0.9344558784195086 -0.9984420745724137
0.9335549907308143 0.3261207695291391 0.9431496999625311 -0.6963839061174958 0.9344558784195086 1.0 -0.9488959552322817
-0.9982969256415117 -0.04579274537973597 -0.7990088011357883 0.8827750062072206 -0.9984420745724137 -0.9488959552322817 1.0