1.0 0.1171557172114056 0.778782735099138 -0.9270390934553218 0.9999702136161401 0.9289867210357613 -0.9972493419608268
0.1171557172114056 1.0 0.6869339285177367 0.187316568270868 0.1233870830719255 0.45556575207717936 -0.1867207135384847
0.778782735099138 0.6869339285177367 1.0 -0.5136824433795759 0.7823157346327156 0.9545470270916329 -0.8164556052588461
-0.9270390934553218 0.187316568270868 -0.5136824433795759 1.0 -0.9257731197309647 -0.7346460419576285 0.9078720934527513
0.9999702136161401 0.1233870830719255 0.7823157346327156 -0.9257731197309647 1.0 0.930969540232514 -0.9977160403799518
0.9289867210357613 0.45556575207717936 0.9545470270916329 -0.7346460419576285 0.930969540232514 1.0 -0.9494982244441296
-0.9972493419608268 -0.1867207135384847 -0.8164556052588461 0.9078720934527513 -0.9977160403799518 -0.9494982244441296 1.0