1.0 -0.1406979075117534 0.753589983329003 -0.9140889149214931 0.9999913668981761 0.9291928958551087 -0.9986029371366769
-0.1406979075117534 1.0 0.5144114449841984 0.47222687758893606 -0.1384905513960281 0.21364424727952286 0.09085599545955304
0.753589983329003 0.5144114449841984 1.0 -0.446013756515305 0.7550312482950242 0.9418503403582402 -0.7822719276534292
-0.9140889149214931 0.47222687758893606 -0.446013756515305 1.0 -0.9136497364232687 -0.708459395970545 0.8981818500466588
0.9999913668981761 -0.1384905513960281 0.7550312482950242 -0.9136497364232687 1.0 0.9299300071325108 -0.998732844890072
0.9291928958551087 0.21364424727952286 0.9418503403582402 -0.708459395970545 0.9299300071325108 1.0 -0.9442492864775878
-0.9986029371366769 0.09085599545955304 -0.7822719276534292 0.8981818500466588 -0.998732844890072 -0.9442492864775878 1.0