1.0 0.1304010455654126 0.7962565531714484 -0.9217834480960161 0.9999816123840233 0.9375701515530457 -0.9969513229586239
0.1304010455654126 1.0 0.6766498136245775 0.12157448892547051 0.13412705310399703 0.44014581704130784 -0.2036495254651262
0.7962565531714484 0.6766498136245775 1.0 -0.5573134556366993 0.7983425064666863 0.9541737647826501 -0.8345771916901618
-0.9217834480960161 0.12157448892547051 -0.5573134556366993 1.0 -0.9212958358777799 -0.7513082784402508 0.906596959681042
0.9999816123840233 0.13412705310399703 0.7983425064666863 -0.9212958358777799 1.0 0.9386335013173307 -0.9972421374177505
0.9375701515530457 0.44014581704130784 0.9541737647826501 -0.7513082784402508 0.9386335013173307 1.0 -0.9567301033313038
-0.9969513229586239 -0.2036495254651262 -0.8345771916901618 0.906596959681042 -0.9972421374177505 -0.9567301033313038 1.0