1.0 0.15557790898801097 0.898708759487896 -0.93107020071199 0.9999745723317447 0.9731222887698098 -0.9967917824440067
0.15557790898801097 1.0 0.5664632564781581 -0.0328170769564521 0.15965333227657133 0.36010117856603246 -0.2296378681030673
0.898708759487896 0.5664632564781581 1.0 -0.7714041693416508 0.9003422878738218 0.9710068112109537 -0.927593077156263
-0.93107020071199 -0.0328170769564521 -0.7714041693416508 1.0 -0.9316258553366518 -0.8528620596370734 0.9261817359996197
0.9999745723317447 0.15965333227657133 0.9003422878738218 -0.9316258553366518 1.0 0.9738084564239936 -0.9972022776555246
0.9731222887698098 0.36010117856603246 0.9710068112109537 -0.8528620596370734 0.9738084564239936 1.0 -0.9848872035376526
-0.9967917824440067 -0.2296378681030673 -0.927593077156263 0.9261817359996197 -0.9972022776555246 -0.9848872035376526 1.0