1.0 0.12538695673331776 0.866222724080276 -0.913752369052769 0.9999862128468969 0.9607842306717767 -0.9975141239309205
0.12538695673331776 1.0 0.6030475366067483 0.1264584873960574 0.12570881981422996 0.3799068559795224 -0.1907658309422692
0.866222724080276 0.6030475366067483 1.0 -0.6599853845892152 0.866411766657866 0.9657462365155437 -0.8967662582223419
-0.913752369052769 0.1264584873960574 -0.6599853845892152 1.0 -0.9138958023730169 -0.7859429141479302 0.9007156792498181
0.9999862128468969 0.12570881981422996 0.866411766657866 -0.9138958023730169 1.0 0.9609433080489191 -0.9976237892516179
0.9607842306717767 0.3799068559795224 0.9657462365155437 -0.7859429141479302 0.9609433080489191 1.0 -0.974808986076536
-0.9975141239309205 -0.1907658309422692 -0.8967662582223419 0.9007156792498181 -0.9976237892516179 -0.974808986076536 1.0