1.0 0.12920062893698017 0.7718932726814449 -0.9284739110409019 0.9999823620800682 0.9271388910283148 -0.9969843081457159
0.12920062893698017 1.0 0.7041369251065531 0.1613416737820772 0.13149654212317155 0.47053219223505843 -0.20182662016276406
0.7718932726814449 0.7041369251065531 1.0 -0.5163889732946396 0.7732933692076127 0.9525733654465603 -0.8125660365963714
-0.9284739110409019 0.1613416737820772 -0.5163889732946396 1.0 -0.9283956477153759 -0.7369081147980858 0.9095204478113506
0.9999823620800682 0.13149654212317155 0.7732933692076127 -0.9283956477153759 1.0 0.9278982513646757 -0.9972325205710272
0.9271388910283148 0.47053219223505843 0.9525733654465603 -0.7369081147980858 0.9278982513646757 1.0 -0.9489110289643632
-0.9969843081457159 -0.20182662016276406 -0.8125660365963714 0.9095204478113506 -0.9972325205710272 -0.9489110289643632 1.0