1.0 0.2892215496484301 0.8755790178201925 -0.9341065967817183 0.999979293132529 0.961221047851602 -0.9961733036211409
0.2892215496484301 1.0 0.7147503391660599 -0.10131829011985696 0.2899142646566534 0.5300495267527299 -0.3670528629695577
0.8755790178201925 0.7147503391660599 1.0 -0.7248853930071739 0.8759365955448141 0.9709487954135734 -0.911727562568138
-0.9341065967817183 -0.10131829011985696 -0.7248853930071739 1.0 -0.9343535022873489 -0.8284788030314965 0.9224490284699938
0.999979293132529 0.2899142646566534 0.8759365955448141 -0.9343535022873489 1.0 0.9614418997065808 -0.9963369696528547
0.961221047851602 0.5300495267527299 0.9709487954135734 -0.8284788030314965 0.9614418997065808 1.0 -0.9784145779204705
-0.9961733036211409 -0.3670528629695577 -0.911727562568138 0.9224490284699938 -0.9963369696528547 -0.9784145779204705 1.0