1.0 0.06960923714382274 0.8886672008981258 -0.9198493288356733 0.9999601343473955 0.971019202773438 -0.9971250097612053
0.06960923714382274 1.0 0.5120488501744718 0.0801464179559495 0.07321741574127325 0.28419504095337167 -0.14077072884254288
0.8886672008981258 0.5120488501744718 1.0 -0.7338908687902661 0.8901167610452657 0.9671712131634205 -0.9177013201758991
-0.9198493288356733 0.0801464179559495 -0.7338908687902661 1.0 -0.9204546812026567 -0.8276541845184269 0.9132109041798837
0.9999601343473955 0.07321741574127325 0.8901167610452657 -0.9204546812026567 1.0 0.9716347894289866 -0.9975213488556756
0.971019202773438 0.28419504095337167 0.9671712131634205 -0.8276541845184269 0.9716347894289866 1.0 -0.982631976697752
-0.9971250097612053 -0.14077072884254288 -0.9177013201758991 0.9132109041798837 -0.9975213488556756 -0.982631976697752 1.0