1.0 0.05789219448312929 0.7830525594405063 -0.9066017456713195 0.9999899117720594 0.936731615743874 -0.9982589781125472
0.05789219448312929 1.0 0.6452302798243698 0.2642410082376772 0.0592696411966156 0.3808866263995454 -0.11287340430002286
0.7830525594405063 0.6452302798243698 1.0 -0.4950771412797523 0.7841009207742823 0.9474083451774976 -0.813424997132522
-0.9066017456713195 0.2642410082376772 -0.4950771412797523 1.0 -0.9062069431349726 -0.7164211699702489 0.8914798833127469
0.9999899117720594 0.0592696411966156 0.7841009207742823 -0.9062069431349726 1.0 0.9373156440240743 -0.9983680639999032
0.936731615743874 0.3808866263995454 0.9474083451774976 -0.7164211699702489 0.9373156440240743 1.0 -0.9520053303819141
-0.9982589781125472 -0.11287340430002286 -0.813424997132522 0.8914798833127469 -0.9983680639999032 -0.9520053303819141 1.0