1.0 -0.027716864532720625 0.7553853792177924 -0.9125304138623141 0.9999877946840178 0.9271085732778225 -0.9982161060720753
-0.027716864532720625 1.0 0.5985834717121942 0.3591609041788881 -0.024570870246116906 0.32353501632799286 -0.02873685467054872
0.7553853792177924 0.5985834717121942 1.0 -0.4481598511324159 0.7572989157226142 0.9449189625420409 -0.7870006467240234
-0.9125304138623141 0.3591609041788881 -0.4481598511324159 1.0 -0.9118554958260833 -0.703452304168119 0.8957891872376192
0.9999877946840178 -0.024570870246116906 0.7572989157226142 -0.9118554958260833 1.0 0.9281278354891818 -0.9984136296936736
0.9271085732778225 0.32353501632799286 0.9449189625420409 -0.703452304168119 0.9281278354891818 1.0 -0.9437499474722716
-0.9982161060720753 -0.02873685467054872 -0.7870006467240234 0.8957891872376192 -0.9984136296936736 -0.9437499474722716 1.0