1.0 0.13582138763602966 0.7942596886405265 -0.9225749345761431 0.9999792402282836 0.937613089969796 -0.9969772449099181
0.13582138763602966 1.0 0.6842976210792217 0.11174884695836368 0.13868529704402172 0.44451616670564686 -0.2085894342249501
0.7942596886405265 0.6842976210792217 1.0 -0.5591489034936202 0.7958919944737632 0.9528118460678953 -0.8329805194618974
-0.9225749345761431 0.11174884695836368 -0.5591489034936202 1.0 -0.9224551324615499 -0.7530058672678552 0.9074858511737927
0.9999792402282836 0.13868529704402172 0.7958919944737632 -0.9224551324615499 1.0 0.938504948927957 -0.9972869453578895
0.937613089969796 0.44451616670564686 0.9528118460678953 -0.7530058672678552 0.938504948927957 1.0 -0.956802689914608
-0.9969772449099181 -0.2085894342249501 -0.8329805194618974 0.9074858511737927 -0.9972869453578895 -0.956802689914608 1.0