1.0 -0.024322577380286137 0.7741498150394563 -0.9102797239152914 0.9999792687884433 0.9327432736251768 -0.9975478131165832
-0.024322577380286137 1.0 0.5883544385744779 0.31835607796292203 -0.020293592900100434 0.3132824217514832 -0.042354935452625427
0.7741498150394563 0.5883544385744779 1.0 -0.4963492705220121 0.776463775338875 0.9471301532729517 -0.8111437889865262
-0.9102797239152914 0.31835607796292203 -0.4963492705220121 1.0 -0.9100058889600685 -0.7180982953930785 0.8931791860661591
0.9999792687884433 -0.020293592900100434 0.776463775338875 -0.9100058889600685 1.0 0.9338787732380639 -0.9978893055842165
0.9327432736251768 0.3132824217514832 0.9471301532729517 -0.7180982953930785 0.9338787732380639 1.0 -0.9513264118256852
-0.9975478131165832 -0.042354935452625427 -0.8111437889865262 0.8931791860661591 -0.9978893055842165 -0.9513264118256852 1.0