1.0 0.041478171525120136 0.7730569935457261 -0.916508178498001 0.9999883577058036 0.9308140258204456 -0.9981268717378469
0.041478171525120136 1.0 0.6347947710377818 0.2913334767732453 0.044388400482186015 0.3803616811740323 -0.0989616391951803
0.7730569935457261 0.6347947710377818 1.0 -0.4798163782690262 0.774738159506777 0.9501736918900823 -0.8045512270098167
-0.916508178498001 0.2913334767732453 -0.4798163782690262 1.0 -0.9158826013453611 -0.7170790419628019 0.8994375412288527
0.9999883577058036 0.044388400482186015 0.774738159506777 -0.9158826013453611 1.0 0.9317164734804009 -0.9983094752087855
0.9308140258204456 0.3803616811740323 0.9501736918900823 -0.7170790419628019 0.9317164734804009 1.0 -0.9475667444614957
-0.9981268717378469 -0.0989616391951803 -0.8045512270098167 0.8994375412288527 -0.9983094752087855 -0.9475667444614957 1.0