1.0 0.009394756862219814 0.7777353881592716 -0.9089573661869162 0.9999906355435507 0.9356278417748265 -0.9977166195264372
0.009394756862219814 1.0 0.6050698802799338 0.2628453797605578 0.01070045362592701 0.3308583478872513 -0.07312793096952946
0.7777353881592716 0.6050698802799338 1.0 -0.5050572341833185 0.7785361647008726 0.9460460788868562 -0.8120394651921704
-0.9089573661869162 0.2628453797605578 -0.5050572341833185 1.0 -0.908982114739987 -0.7234997083657614 0.8949986569355103
0.9999906355435507 0.01070045362592701 0.7785361647008726 -0.908982114739987 1.0 0.9360251045811849 -0.9978478580586009
0.9356278417748265 0.3308583478872513 0.9460460788868562 -0.7234997083657614 0.9360251045811849 1.0 -0.9522493634277193
-0.9977166195264372 -0.07312793096952946 -0.8120394651921704 0.8949986569355103 -0.9978478580586009 -0.9522493634277193 1.0