1.0 0.07594461102855322 0.7839240293351266 -0.9206809896490515 0.9999841107468468 0.9332878824719119 -0.9976288383995252
0.07594461102855322 1.0 0.6497125448894714 0.22824860086600696 0.07841696778774075 0.40668311457046774 -0.13981487466158068
0.7839240293351266 0.6497125448894714 1.0 -0.513779722363529 0.7854080201009944 0.9532956808167128 -0.8179036373249436
-0.9206809896490515 0.22824860086600696 -0.513779722363529 1.0 -0.9204988285323866 -0.7333250280796144 0.9043843703543443
0.9999841107468468 0.07841696778774075 0.7854080201009944 -0.9204988285323866 1.0 0.934080413972006 -0.9978601178114969
0.9332878824719119 0.40668311457046774 0.9532956808167128 -0.7333250280796144 0.934080413972006 1.0 -0.951105070714112
-0.9976288383995252 -0.13981487466158068 -0.8179036373249436 0.9043843703543443 -0.9978601178114969 -0.951105070714112 1.0