1.0 0.21040210114159102 0.8779719941989569 -0.9250378687743771 0.999982194891685 0.9664513207519603 -0.9963964547572121
0.21040210114159102 1.0 0.6513270624730371 -0.06776450694861172 0.2117669709608289 0.43733384210467924 -0.28824106942867045
0.8779719941989569 0.6513270624730371 1.0 -0.7384725496161403 0.8786210865538997 0.9660973139642548 -0.9128214710901918
-0.9250378687743771 -0.06776450694861172 -0.7384725496161403 1.0 -0.9254943074555239 -0.8319895386624461 0.9180805155794057
0.999982194891685 0.2117669709608289 0.8786210865538997 -0.9254943074555239 1.0 0.966741356352172 -0.9966141624314211
0.9664513207519603 0.43733384210467924 0.9660973139642548 -0.8319895386624461 0.966741356352172 1.0 -0.9811957041381983
-0.9963964547572121 -0.28824106942867045 -0.9128214710901918 0.9180805155794057 -0.9966141624314211 -0.9811957041381983 1.0