1.0 -0.9935334448833724 -0.9935334448833724 0.9932192429439219 0.9998112892011517 -0.9935334448833724 0.9729943075847198
-0.9935334448833724 1.0 1.0 -0.9999245016358385 -0.993546624307502 1.0 -0.9928021627923407
-0.9935334448833724 1.0 1.0 -0.9999245016358385 -0.993546624307502 1.0 -0.9928021627923407
0.9932192429439219 -0.9999245016358385 -0.9999245016358385 1.0 0.9934295156894496 -0.9999245016358385 0.9927244343719019
0.9998112892011517 -0.993546624307502 -0.993546624307502 0.9934295156894496 1.0 -0.993546624307502 0.9728650739747315
-0.9935334448833724 1.0 1.0 -0.9999245016358385 -0.993546624307502 1.0 -0.9928021627923407
0.9729943075847198 -0.9928021627923407 -0.9928021627923407 0.9927244343719019 0.9728650739747315 -0.9928021627923407 1.0