1.0 -0.990744104188914 -0.990744104188914 0.9910626013208911 0.9997014973033099 -0.990744104188914 0.9620965092604296
-0.990744104188914 1.0 1.0 -0.9999318079254309 -0.989655484521182 1.0 -0.9901051917058354
-0.990744104188914 1.0 1.0 -0.9999318079254309 -0.989655484521182 1.0 -0.9901051917058354
0.9910626013208911 -0.9999318079254309 -0.9999318079254309 1.0 0.9902170480097557 -0.9999318079254309 0.9894150556659167
0.9997014973033099 -0.989655484521182 -0.989655484521182 0.9902170480097557 1.0 -0.989655484521182 0.9597884785579361
-0.990744104188914 1.0 1.0 -0.9999318079254309 -0.989655484521182 1.0 -0.9901051917058354
0.9620965092604296 -0.9901051917058354 -0.9901051917058354 0.9894150556659167 0.9597884785579361 -0.9901051917058354 1.0