1.0 -0.7898048528368065 -0.7898048528368065 0.8073571418614051 0.9989425508508429 -0.7898048528368065 0.511382161479215
-0.7898048528368065 1.0 1.0 -0.9967934335477411 -0.7861585206688129 1.0 -0.9305136249762872
-0.7898048528368065 1.0 1.0 -0.9967934335477411 -0.7861585206688129 1.0 -0.9305136249762872
0.8073571418614051 -0.9967934335477411 -0.9967934335477411 1.0 0.8069511396623048 -0.9967934335477411 0.9130279679993775
0.9989425508508429 -0.7861585206688129 -0.7861585206688129 0.8069511396623048 1.0 -0.7861585206688129 0.5052749792279185
-0.7898048528368065 1.0 1.0 -0.9967934335477411 -0.7861585206688129 1.0 -0.9305136249762872
0.511382161479215 -0.9305136249762872 -0.9305136249762872 0.9130279679993775 0.5052749792279185 -0.9305136249762872 1.0