1.0 -0.9915906861019914 -0.9915906861019914 0.9914859703335192 0.9996492883666565 -0.9915906861019914 0.9661530576264016
-0.9915906861019914 1.0 1.0 -0.9999092830798805 -0.9911194290730723 1.0 -0.9912537009695336
-0.9915906861019914 1.0 1.0 -0.9999092830798805 -0.9911194290730723 1.0 -0.9912537009695336
0.9914859703335192 -0.9999092830798805 -0.9999092830798805 1.0 0.9913242020615168 -0.9999092830798805 0.990844627330797
0.9996492883666565 -0.9911194290730723 -0.9911194290730723 0.9913242020615168 1.0 -0.9911194290730723 0.9649577712745105
-0.9915906861019914 1.0 1.0 -0.9999092830798805 -0.9911194290730723 1.0 -0.9912537009695336
0.9661530576264016 -0.9912537009695336 -0.9912537009695336 0.990844627330797 0.9649577712745105 -0.9912537009695336 1.0