1.0 -0.9945881330864011 -0.9945881330864011 0.9948432289783568 0.9995501559139117 -0.9945881330864011 0.9771266033855435
-0.9945881330864011 1.0 1.0 -0.999916572660395 -0.9933673599749951 1.0 -0.9937866695081148
-0.9945881330864011 1.0 1.0 -0.999916572660395 -0.9933673599749951 1.0 -0.9937866695081148
0.9948432289783568 -0.999916572660395 -0.999916572660395 1.0 0.9939548166906798 -0.999916572660395 0.9930506207088468
0.9995501559139117 -0.9933673599749951 -0.9933673599749951 0.9939548166906798 1.0 -0.9933673599749951 0.9744644390781614
-0.9945881330864011 1.0 1.0 -0.999916572660395 -0.9933673599749951 1.0 -0.9937866695081148
0.9771266033855435 -0.9937866695081148 -0.9937866695081148 0.9930506207088468 0.9744644390781614 -0.9937866695081148 1.0